387.598 3.535 
387.598 3.62682 
387.598 3.71864 
387.598 3.81045 
387.598 3.90227 
387.598 3.99409 
387.598 4.08591 
387.598 4.17773 
387.598 4.26955 
387.598 4.36136 
387.598 4.45318 
387.598 4.545 
387.598 4.79673 
387.598 5.04845 
387.598 5.30018 
387.598 5.55191 
387.598 5.80364 
387.598 6.05536 
387.598 6.30709 
387.598 6.55882 
387.598 6.81055 
387.598 7.06227 
387.598 7.314 
387.598 8.49518 
387.598 9.67636 
387.598 10.8575 
387.598 12.0387 
387.598 13.2199 
387.598 14.4011 
387.598 15.5823 
387.598 16.7635 
387.598 17.9446 
387.598 19.1258 
387.598 20.307 
387.598 18.7777 
387.598 17.2485 
387.598 15.7192 
387.598 14.1899 
387.598 12.6606 
387.598 11.1314 
387.598 9.60209 
387.598 8.07282 
387.598 6.54355 
387.598 5.01427 
387.598 3.485 
387.598 4.05891 
387.598 4.63282 
387.598 5.20673 
387.598 5.78064 
387.598 6.35455 
387.598 6.92845 
387.598 7.50236 
387.598 8.07627 
387.598 8.65018 
387.598 9.22409 
387.598 9.798 
387.598 9.36255 
387.598 8.92709 
387.598 8.49164 
387.598 8.05618 
387.598 7.62073 
387.598 7.18527 
387.598 6.74982 
387.598 6.31436 
387.598 5.87891 
387.598 5.44345 
387.598 5.008 
387.598 4.73973 
387.598 4.47145 
387.598 4.20318 
387.598 3.93491 
387.598 3.66664 
387.598 3.39836 
387.598 3.13009 
387.598 2.86182 
387.598 2.59355 
387.598 2.32527 
387.598 2.057 
387.598 1.93391 
387.598 1.81082 
387.598 1.68773 
387.598 1.56464 
387.598 1.44155 
387.598 1.31845 
387.598 1.19536 
387.598 1.07227 
387.598 0.949182 
387.598 0.826091 

