387.598 4.736 
387.598 4.867 
387.598 4.998 
387.598 5.129 
387.598 5.26 
387.598 5.391 
387.598 5.522 
387.598 5.653 
387.598 5.784 
387.598 5.915 
387.598 6.046 
387.598 6.177 
387.598 6.26955 
387.598 6.36209 
387.598 6.45464 
387.598 6.54718 
387.598 6.63973 
387.598 6.73227 
387.598 6.82482 
387.598 6.91736 
387.598 7.00991 
387.598 7.10245 
387.598 7.195 
387.598 8.35255 
387.598 9.51009 
387.598 10.6676 
387.598 11.8252 
387.598 12.9827 
387.598 14.1403 
387.598 15.2978 
387.598 16.4554 
387.598 17.6129 
387.598 18.7705 
387.598 19.928 
387.598 18.3649 
387.598 16.8018 
387.598 15.2387 
387.598 13.6756 
387.598 12.1125 
387.598 10.5495 
387.598 8.98636 
387.598 7.42327 
387.598 5.86018 
387.598 4.29709 
387.598 2.734 
387.598 3.67791 
387.598 4.62182 
387.598 5.56573 
387.598 6.50964 
387.598 7.45355 
387.598 8.39745 
387.598 9.34136 
387.598 10.2853 
387.598 11.2292 
387.598 12.1731 
387.598 13.117 
387.598 12.4234 
387.598 11.7297 
387.598 11.0361 
387.598 10.3425 
387.598 9.64882 
387.598 8.95518 
387.598 8.26155 
387.598 7.56791 
387.598 6.87427 
387.598 6.18064 
387.598 5.487 
387.598 5.14782 
387.598 4.80864 
387.598 4.46945 
387.598 4.13027 
387.598 3.79109 
387.598 3.45191 
387.598 3.11273 
387.598 2.77355 
387.598 2.43436 
387.598 2.09518 
387.598 1.756 
387.598 1.66891 
387.598 1.58182 
387.598 1.49473 
387.598 1.40764 
387.598 1.32055 
387.598 1.23345 
387.598 1.14636 
387.598 1.05927 
387.598 0.972182 
387.598 0.885091 

