387.598 2.662 
387.598 2.99664 
387.598 3.33127 
387.598 3.66591 
387.598 4.00055 
387.598 4.33518 
387.598 4.66982 
387.598 5.00445 
387.598 5.33909 
387.598 5.67373 
387.598 6.00836 
387.598 6.343 
387.598 6.56155 
387.598 6.78009 
387.598 6.99864 
387.598 7.21718 
387.598 7.43573 
387.598 7.65427 
387.598 7.87282 
387.598 8.09136 
387.598 8.30991 
387.598 8.52845 
387.598 8.747 
387.598 9.56882 
387.598 10.3906 
387.598 11.2125 
387.598 12.0343 
387.598 12.8561 
387.598 13.6779 
387.598 14.4997 
387.598 15.3215 
387.598 16.1434 
387.598 16.9652 
387.598 17.787 
387.598 16.5412 
387.598 15.2954 
387.598 14.0495 
387.598 12.8037 
387.598 11.5579 
387.598 10.3121 
387.598 9.06627 
387.598 7.82045 
387.598 6.57464 
387.598 5.32882 
387.598 4.083 
387.598 5.235 
387.598 6.387 
387.598 7.539 
387.598 8.691 
387.598 9.843 
387.598 10.995 
387.598 12.147 
387.598 13.299 
387.598 14.451 
387.598 15.603 
387.598 16.755 
387.598 15.853 
387.598 14.951 
387.598 14.049 
387.598 13.147 
387.598 12.245 
387.598 11.343 
387.598 10.441 
387.598 9.539 
387.598 8.637 
387.598 7.735 
387.598 6.833 
387.598 6.34818 
387.598 5.86336 
387.598 5.37855 
387.598 4.89373 
387.598 4.40891 
387.598 3.92409 
387.598 3.43927 
387.598 2.95445 
387.598 2.46964 
387.598 1.98482 
387.598 1.5 
387.598 1.42909 
387.598 1.35818 
387.598 1.28727 
387.598 1.21636 
387.598 1.14545 
387.598 1.07455 
387.598 1.00364 
387.598 0.932727 
387.598 0.861818 
387.598 0.790909 

