387.598 2.1 
387.598 2.67573 
387.598 3.25145 
387.598 3.82718 
387.598 4.40291 
387.598 4.97864 
387.598 5.55436 
387.598 6.13009 
387.598 6.70582 
387.598 7.28155 
387.598 7.85727 
387.598 8.433 
387.598 8.52882 
387.598 8.62464 
387.598 8.72045 
387.598 8.81627 
387.598 8.91209 
387.598 9.00791 
387.598 9.10373 
387.598 9.19955 
387.598 9.29536 
387.598 9.39118 
387.598 9.487 
387.598 10.2612 
387.598 11.0354 
387.598 11.8095 
387.598 12.5837 
387.598 13.3579 
387.598 14.1321 
387.598 14.9063 
387.598 15.6805 
387.598 16.4546 
387.598 17.2288 
387.598 18.003 
387.598 16.7562 
387.598 15.5094 
387.598 14.2625 
387.598 13.0157 
387.598 11.7689 
387.598 10.5221 
387.598 9.27527 
387.598 8.02845 
387.598 6.78164 
387.598 5.53482 
387.598 4.288 
387.598 5.04891 
387.598 5.80982 
387.598 6.57073 
387.598 7.33164 
387.598 8.09255 
387.598 8.85345 
387.598 9.61436 
387.598 10.3753 
387.598 11.1362 
387.598 11.8971 
387.598 12.658 
387.598 12.0436 
387.598 11.4293 
387.598 10.8149 
387.598 10.2005 
387.598 9.58618 
387.598 8.97182 
387.598 8.35745 
387.598 7.74309 
387.598 7.12873 
387.598 6.51436 
387.598 5.9 
387.598 5.50318 
387.598 5.10636 
387.598 4.70955 
387.598 4.31273 
387.598 3.91591 
387.598 3.51909 
387.598 3.12227 
387.598 2.72545 
387.598 2.32864 
387.598 1.93182 
387.598 1.535 
387.598 1.45245 
387.598 1.36991 
387.598 1.28736 
387.598 1.20482 
387.598 1.12227 
387.598 1.03973 
387.598 0.957182 
387.598 0.874636 
387.598 0.792091 
387.598 0.709545 

