387.598 4.388 
387.598 4.39545 
387.598 4.40291 
387.598 4.41036 
387.598 4.41782 
387.598 4.42527 
387.598 4.43273 
387.598 4.44018 
387.598 4.44764 
387.598 4.45509 
387.598 4.46255 
387.598 4.47 
387.598 4.79509 
387.598 5.12018 
387.598 5.44527 
387.598 5.77036 
387.598 6.09545 
387.598 6.42055 
387.598 6.74564 
387.598 7.07073 
387.598 7.39582 
387.598 7.72091 
387.598 8.046 
387.598 8.99791 
387.598 9.94982 
387.598 10.9017 
387.598 11.8536 
387.598 12.8055 
387.598 13.7575 
387.598 14.7094 
387.598 15.6613 
387.598 16.6132 
387.598 17.5651 
387.598 18.517 
387.598 17.0591 
387.598 15.6012 
387.598 14.1433 
387.598 12.6854 
387.598 11.2275 
387.598 9.76955 
387.598 8.31164 
387.598 6.85373 
387.598 5.39582 
387.598 3.93791 
387.598 2.48 
387.598 3.07736 
387.598 3.67473 
387.598 4.27209 
387.598 4.86945 
387.598 5.46682 
387.598 6.06418 
387.598 6.66155 
387.598 7.25891 
387.598 7.85627 
387.598 8.45364 
387.598 9.051 
387.598 8.65518 
387.598 8.25936 
387.598 7.86355 
387.598 7.46773 
387.598 7.07191 
387.598 6.67609 
387.598 6.28027 
387.598 5.88445 
387.598 5.48864 
387.598 5.09282 
387.598 4.697 
387.598 4.47782 
387.598 4.25864 
387.598 4.03945 
387.598 3.82027 
387.598 3.60109 
387.598 3.38191 
387.598 3.16273 
387.598 2.94355 
387.598 2.72436 
387.598 2.50518 
387.598 2.286 
387.598 2.14991 
387.598 2.01382 
387.598 1.87773 
387.598 1.74164 
387.598 1.60555 
387.598 1.46945 
387.598 1.33336 
387.598 1.19727 
387.598 1.06118 
387.598 0.925091 

