387.598 3.436 
387.598 3.76327 
387.598 4.09055 
387.598 4.41782 
387.598 4.74509 
387.598 5.07236 
387.598 5.39964 
387.598 5.72691 
387.598 6.05418 
387.598 6.38145 
387.598 6.70873 
387.598 7.036 
387.598 7.088 
387.598 7.14 
387.598 7.192 
387.598 7.244 
387.598 7.296 
387.598 7.348 
387.598 7.4 
387.598 7.452 
387.598 7.504 
387.598 7.556 
387.598 7.608 
387.598 8.47936 
387.598 9.35073 
387.598 10.2221 
387.598 11.0935 
387.598 11.9648 
387.598 12.8362 
387.598 13.7075 
387.598 14.5789 
387.598 15.4503 
387.598 16.3216 
387.598 17.193 
387.598 15.8548 
387.598 14.5166 
387.598 13.1785 
387.598 11.8403 
387.598 10.5021 
387.598 9.16391 
387.598 7.82573 
387.598 6.48755 
387.598 5.14936 
387.598 3.81118 
387.598 2.473 
387.598 3.75982 
387.598 5.04664 
387.598 6.33345 
387.598 7.62027 
387.598 8.90709 
387.598 10.1939 
387.598 11.4807 
387.598 12.7675 
387.598 14.0544 
387.598 15.3412 
387.598 16.628 
387.598 15.6947 
387.598 14.7615 
387.598 13.8282 
387.598 12.8949 
387.598 11.9616 
387.598 11.0284 
387.598 10.0951 
387.598 9.16182 
387.598 8.22855 
387.598 7.29527 
387.598 6.362 
387.598 5.91145 
387.598 5.46091 
387.598 5.01036 
387.598 4.55982 
387.598 4.10927 
387.598 3.65873 
387.598 3.20818 
387.598 2.75764 
387.598 2.30709 
387.598 1.85655 
387.598 1.406 
387.598 1.35218 
387.598 1.29836 
387.598 1.24455 
387.598 1.19073 
387.598 1.13691 
387.598 1.08309 
387.598 1.02927 
387.598 0.975455 
387.598 0.921636 
387.598 0.867818 

