387.598 3.481 
387.598 3.55627 
387.598 3.63155 
387.598 3.70682 
387.598 3.78209 
387.598 3.85736 
387.598 3.93264 
387.598 4.00791 
387.598 4.08318 
387.598 4.15845 
387.598 4.23373 
387.598 4.309 
387.598 4.805 
387.598 5.301 
387.598 5.797 
387.598 6.293 
387.598 6.789 
387.598 7.285 
387.598 7.781 
387.598 8.277 
387.598 8.773 
387.598 9.269 
387.598 9.765 
387.598 10.6701 
387.598 11.5752 
387.598 12.4803 
387.598 13.3854 
387.598 14.2905 
387.598 15.1955 
387.598 16.1006 
387.598 17.0057 
387.598 17.9108 
387.598 18.8159 
387.598 19.721 
387.598 18.2053 
387.598 16.6895 
387.598 15.1738 
387.598 13.6581 
387.598 12.1424 
387.598 10.6266 
387.598 9.11091 
387.598 7.59518 
387.598 6.07945 
387.598 4.56373 
387.598 3.048 
387.598 3.754 
387.598 4.46 
387.598 5.166 
387.598 5.872 
387.598 6.578 
387.598 7.284 
387.598 7.99 
387.598 8.696 
387.598 9.402 
387.598 10.108 
387.598 10.814 
387.598 10.3089 
387.598 9.80382 
387.598 9.29873 
387.598 8.79364 
387.598 8.28855 
387.598 7.78345 
387.598 7.27836 
387.598 6.77327 
387.598 6.26818 
387.598 5.76309 
387.598 5.258 
387.598 4.96473 
387.598 4.67145 
387.598 4.37818 
387.598 4.08491 
387.598 3.79164 
387.598 3.49836 
387.598 3.20509 
387.598 2.91182 
387.598 2.61855 
387.598 2.32527 
387.598 2.032 
387.598 1.90536 
387.598 1.77873 
387.598 1.65209 
387.598 1.52545 
387.598 1.39882 
387.598 1.27218 
387.598 1.14555 
387.598 1.01891 
387.598 0.892273 
387.598 0.765636 

