387.598 3.127 
387.598 3.26545 
387.598 3.40391 
387.598 3.54236 
387.598 3.68082 
387.598 3.81927 
387.598 3.95773 
387.598 4.09618 
387.598 4.23464 
387.598 4.37309 
387.598 4.51155 
387.598 4.65 
387.598 4.81882 
387.598 4.98764 
387.598 5.15645 
387.598 5.32527 
387.598 5.49409 
387.598 5.66291 
387.598 5.83173 
387.598 6.00055 
387.598 6.16936 
387.598 6.33818 
387.598 6.507 
387.598 7.55682 
387.598 8.60664 
387.598 9.65645 
387.598 10.7063 
387.598 11.7561 
387.598 12.8059 
387.598 13.8557 
387.598 14.9055 
387.598 15.9554 
387.598 17.0052 
387.598 18.055 
387.598 16.656 
387.598 15.257 
387.598 13.858 
387.598 12.459 
387.598 11.06 
387.598 9.661 
387.598 8.262 
387.598 6.863 
387.598 5.464 
387.598 4.065 
387.598 2.666 
387.598 3.30782 
387.598 3.94964 
387.598 4.59145 
387.598 5.23327 
387.598 5.87509 
387.598 6.51691 
387.598 7.15873 
387.598 7.80055 
387.598 8.44236 
387.598 9.08418 
387.598 9.726 
387.598 9.29927 
387.598 8.87255 
387.598 8.44582 
387.598 8.01909 
387.598 7.59236 
387.598 7.16564 
387.598 6.73891 
387.598 6.31218 
387.598 5.88545 
387.598 5.45873 
387.598 5.032 
387.598 4.734 
387.598 4.436 
387.598 4.138 
387.598 3.84 
387.598 3.542 
387.598 3.244 
387.598 2.946 
387.598 2.648 
387.598 2.35 
387.598 2.052 
387.598 1.754 
387.598 1.65418 
387.598 1.55436 
387.598 1.45455 
387.598 1.35473 
387.598 1.25491 
387.598 1.15509 
387.598 1.05527 
387.598 0.955455 
387.598 0.855636 
387.598 0.755818 

