387.598 2.42 
387.598 2.82418 
387.598 3.22836 
387.598 3.63255 
387.598 4.03673 
387.598 4.44091 
387.598 4.84509 
387.598 5.24927 
387.598 5.65345 
387.598 6.05764 
387.598 6.46182 
387.598 6.866 
387.598 7.27145 
387.598 7.67691 
387.598 8.08236 
387.598 8.48782 
387.598 8.89327 
387.598 9.29873 
387.598 9.70418 
387.598 10.1096 
387.598 10.5151 
387.598 10.9205 
387.598 11.326 
387.598 12.1137 
387.598 12.9015 
387.598 13.6892 
387.598 14.4769 
387.598 15.2646 
387.598 16.0524 
387.598 16.8401 
387.598 17.6278 
387.598 18.4155 
387.598 19.2033 
387.598 19.991 
387.598 18.5135 
387.598 17.0359 
387.598 15.5584 
387.598 14.0808 
387.598 12.6033 
387.598 11.1257 
387.598 9.64818 
387.598 8.17064 
387.598 6.69309 
387.598 5.21555 
387.598 3.738 
387.598 4.45891 
387.598 5.17982 
387.598 5.90073 
387.598 6.62164 
387.598 7.34255 
387.598 8.06345 
387.598 8.78436 
387.598 9.50527 
387.598 10.2262 
387.598 10.9471 
387.598 11.668 
387.598 11.1076 
387.598 10.5473 
387.598 9.98691 
387.598 9.42655 
387.598 8.86618 
387.598 8.30582 
387.598 7.74545 
387.598 7.18509 
387.598 6.62473 
387.598 6.06436 
387.598 5.504 
387.598 5.15355 
387.598 4.80309 
387.598 4.45264 
387.598 4.10218 
387.598 3.75173 
387.598 3.40127 
387.598 3.05082 
387.598 2.70036 
387.598 2.34991 
387.598 1.99945 
387.598 1.649 
387.598 1.55264 
387.598 1.45627 
387.598 1.35991 
387.598 1.26355 
387.598 1.16718 
387.598 1.07082 
387.598 0.974455 
387.598 0.878091 
387.598 0.781727 
387.598 0.685364 

