387.598 1.17976 
387.598 1.18082 
387.598 1.18188 
387.598 1.18295 
387.598 1.18401 
387.598 1.18507 
387.598 1.18613 
387.598 1.18719 
387.598 1.18825 
387.598 1.18931 
387.598 1.19037 
387.598 1.19143 
387.598 1.1925 
387.598 1.19356 
387.598 1.19462 
387.598 1.19568 
387.598 1.19674 
387.598 1.1978 
387.598 1.19886 
387.598 1.19992 
387.598 1.20098 
387.598 1.20205 
387.598 1.20311 
387.598 1.20417 
387.598 1.20523 
387.598 1.20629 
387.598 1.20735 
387.598 1.20841 
387.598 1.20947 
387.598 1.21053 
387.598 1.2116 
387.598 1.21266 
387.598 1.21372 
387.598 1.21478 
387.598 1.21584 
387.598 1.2169 
387.598 1.21796 
387.598 1.21902 
387.598 1.22008 
387.598 1.22115 
387.598 1.22221 
387.598 1.22327 
387.598 1.22433 
387.598 1.22539 
387.598 1.22645 
387.598 1.22751 
387.598 1.22857 
387.598 1.22963 
387.598 1.2307 
387.598 1.23176 
387.598 1.23282 
387.598 1.23388 
387.598 1.23494 
387.598 1.236 
387.598 1.23706 
387.598 1.23812 
387.598 1.23918 
387.598 1.24025 
387.598 1.24131 
387.598 1.24237 
387.598 1.24343 
387.598 1.24449 
387.598 1.24555 
387.598 1.24661 
387.598 1.24767 
387.598 1.24873 
387.598 1.2498 
387.598 1.25086 
387.598 1.25192 
387.598 1.25298 
387.598 1.25404 
387.598 1.2551 
387.598 1.25616 
387.598 1.25722 
387.598 1.25828 
387.598 1.25934 
387.598 1.26041 
387.598 1.26147 
387.598 1.26253 
387.598 1.26359 
387.598 1.26465 
387.598 1.26571 
387.598 1.26677 
387.598 1.26783 
387.598 1.26889 
387.598 1.26996 
387.598 1.27102 
387.598 1.27208 
387.598 1.27314 
387.598 1.2742 
387.598 1.27526 
387.598 1.27632 
387.598 1.27738 
387.598 1.27844 
387.598 1.27951 
387.598 1.28057 
387.598 1.28163 
387.598 1.28269 
387.598 1.28375 
387.598 1.28481 
387.598 1.28587 
387.598 1.28693 
387.598 1.28799 
387.598 1.28906 
387.598 1.29012 
387.598 1.29118 
387.598 1.29224 
387.598 1.2933 
387.598 1.29436 
387.598 1.29542 
387.598 1.29648 
387.598 1.29754 
387.598 1.29861 
387.598 1.29967 
387.598 1.30073 
387.598 1.30179 
387.598 1.30285 
387.598 1.30391 
387.598 1.30497 
387.598 1.30603 
387.598 1.30709 
387.598 1.30816 
387.598 1.30922 
387.598 1.31028 
387.598 1.31134 
387.598 1.3124 
387.598 1.31346 
387.598 1.31452 

