387.598 1.438 
387.598 1.43581 
387.598 1.43362 
387.598 1.43144 
387.598 1.42925 
387.598 1.42706 
387.598 1.42487 
387.598 1.42269 
387.598 1.4205 
387.598 1.41831 
387.598 1.41613 
387.598 1.41394 
387.598 1.41175 
387.598 1.40956 
387.598 1.40738 
387.598 1.40519 
387.598 1.403 
387.598 1.48619 
387.598 1.56937 
387.598 1.65256 
387.598 1.73575 
387.598 1.81894 
387.598 1.90213 
387.598 1.98531 
387.598 2.0685 
387.598 2.15169 
387.598 2.23487 
387.598 2.31806 
387.598 2.40125 
387.598 2.48444 
387.598 2.56763 
387.598 2.65081 
387.598 2.734 
387.598 2.62444 
387.598 2.51487 
387.598 2.40531 
387.598 2.29575 
387.598 2.18619 
387.598 2.07662 
387.598 1.96706 
387.598 1.8575 
387.598 1.74794 
387.598 1.63837 
387.598 1.52881 
387.598 1.41925 
387.598 1.30969 
387.598 1.20012 
387.598 1.09056 
387.598 0.981 
387.598 1.04494 
387.598 1.10888 
387.598 1.17281 
387.598 1.23675 
387.598 1.30069 
387.598 1.36462 
387.598 1.42856 
387.598 1.4925 
387.598 1.55644 
387.598 1.62038 
387.598 1.68431 
387.598 1.74825 
387.598 1.81219 
387.598 1.87613 
387.598 1.94006 
387.598 2.004 
387.598 1.93056 
387.598 1.85712 
387.598 1.78369 
387.598 1.71025 
387.598 1.63681 
387.598 1.56337 
387.598 1.48994 
387.598 1.4165 
387.598 1.34306 
387.598 1.26963 
387.598 1.19619 
387.598 1.12275 
387.598 1.04931 
387.598 0.975875 
387.598 0.902438 
387.598 0.829 
387.598 1.006 
387.598 1.183 
387.598 1.36 
387.598 1.537 
387.598 1.714 
387.598 1.891 
387.598 2.068 
387.598 2.245 
387.598 2.422 
387.598 2.599 
387.598 2.776 
387.598 2.953 
387.598 3.13 
387.598 3.307 
387.598 3.484 
387.598 3.661 
387.598 3.49594 
387.598 3.33087 
387.598 3.16581 
387.598 3.00075 
387.598 2.83569 
387.598 2.67063 
387.598 2.50556 
387.598 2.3405 
387.598 2.17544 
387.598 2.01037 
387.598 1.84531 
387.598 1.68025 
387.598 1.51519 
387.598 1.35012 
387.598 1.18506 
387.598 1.02 
387.598 1.07706 
387.598 1.13413 
387.598 1.19119 
387.598 1.24825 
387.598 1.30531 
387.598 1.36238 
387.598 1.41944 
387.598 1.4765 
387.598 1.53356 
387.598 1.59063 
387.598 1.64769 
387.598 1.70475 
387.598 1.76181 
387.598 1.81888 
387.598 1.87594 

