387.598 2.4 
387.598 2.3375 
387.598 2.275 
387.598 2.2125 
387.598 2.15 
387.598 2.0875 
387.598 2.025 
387.598 1.9625 
387.598 1.9 
387.598 1.8375 
387.598 1.775 
387.598 1.7125 
387.598 1.65 
387.598 1.5875 
387.598 1.525 
387.598 1.4625 
387.598 1.4 
387.598 1.43125 
387.598 1.4625 
387.598 1.49375 
387.598 1.525 
387.598 1.55625 
387.598 1.5875 
387.598 1.61875 
387.598 1.65 
387.598 1.68125 
387.598 1.7125 
387.598 1.74375 
387.598 1.775 
387.598 1.80625 
387.598 1.8375 
387.598 1.86875 
387.598 1.9 
387.598 1.94837 
387.598 1.99675 
387.598 2.04513 
387.598 2.0935 
387.598 2.14187 
387.598 2.19025 
387.598 2.23862 
387.598 2.287 
387.598 2.33537 
387.598 2.38375 
387.598 2.43213 
387.598 2.4805 
387.598 2.52888 
387.598 2.57725 
387.598 2.62562 
387.598 2.674 
387.598 2.54156 
387.598 2.40912 
387.598 2.27669 
387.598 2.14425 
387.598 2.01181 
387.598 1.87938 
387.598 1.74694 
387.598 1.6145 
387.598 1.48206 
387.598 1.34963 
387.598 1.21719 
387.598 1.08475 
387.598 0.952313 
387.598 0.819875 
387.598 0.687438 
387.598 0.555 
387.598 0.622875 
387.598 0.69075 
387.598 0.758625 
387.598 0.8265 
387.598 0.894375 
387.598 0.96225 
387.598 1.03012 
387.598 1.098 
387.598 1.16587 
387.598 1.23375 
387.598 1.30163 
387.598 1.3695 
387.598 1.43737 
387.598 1.50525 
387.598 1.57313 
387.598 1.641 
387.598 1.76069 
387.598 1.88037 
387.598 2.00006 
387.598 2.11975 
387.598 2.23944 
387.598 2.35913 
387.598 2.47881 
387.598 2.5985 
387.598 2.71819 
387.598 2.83787 
387.598 2.95756 
387.598 3.07725 
387.598 3.19694 
387.598 3.31663 
387.598 3.43631 
387.598 3.556 
387.598 3.56088 
387.598 3.56575 
387.598 3.57063 
387.598 3.5755 
387.598 3.58038 
387.598 3.58525 
387.598 3.59013 
387.598 3.595 
387.598 3.59987 
387.598 3.60475 
387.598 3.60962 
387.598 3.6145 
387.598 3.61937 
387.598 3.62425 
387.598 3.62912 
387.598 3.634 
387.598 3.60175 
387.598 3.5695 
387.598 3.53725 
387.598 3.505 
387.598 3.47275 
387.598 3.4405 
387.598 3.40825 
387.598 3.376 
387.598 3.34375 
387.598 3.3115 
387.598 3.27925 
387.598 3.247 
387.598 3.21475 
387.598 3.1825 
387.598 3.15025 

