387.598 2.836 
387.598 2.76756 
387.598 2.69912 
387.598 2.63069 
387.598 2.56225 
387.598 2.49381 
387.598 2.42537 
387.598 2.35694 
387.598 2.2885 
387.598 2.22006 
387.598 2.15163 
387.598 2.08319 
387.598 2.01475 
387.598 1.94631 
387.598 1.87787 
387.598 1.80944 
387.598 1.741 
387.598 1.68631 
387.598 1.63163 
387.598 1.57694 
387.598 1.52225 
387.598 1.46756 
387.598 1.41288 
387.598 1.35819 
387.598 1.3035 
387.598 1.24881 
387.598 1.19413 
387.598 1.13944 
387.598 1.08475 
387.598 1.03006 
387.598 0.975375 
387.598 0.920687 
387.598 0.866 
387.598 1.00625 
387.598 1.1465 
387.598 1.28675 
387.598 1.427 
387.598 1.56725 
387.598 1.7075 
387.598 1.84775 
387.598 1.988 
387.598 2.12825 
387.598 2.2685 
387.598 2.40875 
387.598 2.549 
387.598 2.68925 
387.598 2.8295 
387.598 2.96975 
387.598 3.11 
387.598 2.96294 
387.598 2.81588 
387.598 2.66881 
387.598 2.52175 
387.598 2.37469 
387.598 2.22762 
387.598 2.08056 
387.598 1.9335 
387.598 1.78644 
387.598 1.63938 
387.598 1.49231 
387.598 1.34525 
387.598 1.19819 
387.598 1.05113 
387.598 0.904063 
387.598 0.757 
387.598 0.869188 
387.598 0.981375 
387.598 1.09356 
387.598 1.20575 
387.598 1.31794 
387.598 1.43012 
387.598 1.54231 
387.598 1.6545 
387.598 1.76669 
387.598 1.87887 
387.598 1.99106 
387.598 2.10325 
387.598 2.21544 
387.598 2.32762 
387.598 2.43981 
387.598 2.552 
387.598 2.57781 
387.598 2.60363 
387.598 2.62944 
387.598 2.65525 
387.598 2.68106 
387.598 2.70688 
387.598 2.73269 
387.598 2.7585 
387.598 2.78431 
387.598 2.81012 
387.598 2.83594 
387.598 2.86175 
387.598 2.88756 
387.598 2.91337 
387.598 2.93919 
387.598 2.965 
387.598 3.03462 
387.598 3.10425 
387.598 3.17387 
387.598 3.2435 
387.598 3.31312 
387.598 3.38275 
387.598 3.45237 
387.598 3.522 
387.598 3.59162 
387.598 3.66125 
387.598 3.73087 
387.598 3.8005 
387.598 3.87012 
387.598 3.93975 
387.598 4.00937 
387.598 4.079 
387.598 4.055 
387.598 4.031 
387.598 4.007 
387.598 3.983 
387.598 3.959 
387.598 3.935 
387.598 3.911 
387.598 3.887 
387.598 3.863 
387.598 3.839 
387.598 3.815 
387.598 3.791 
387.598 3.767 
387.598 3.743 
387.598 3.719 

