387.598 2.382 
387.598 2.38525 
387.598 2.3885 
387.598 2.39175 
387.598 2.395 
387.598 2.39825 
387.598 2.4015 
387.598 2.40475 
387.598 2.408 
387.598 2.41125 
387.598 2.4145 
387.598 2.41775 
387.598 2.421 
387.598 2.42425 
387.598 2.4275 
387.598 2.43075 
387.598 2.434 
387.598 2.32644 
387.598 2.21888 
387.598 2.11131 
387.598 2.00375 
387.598 1.89619 
387.598 1.78863 
387.598 1.68106 
387.598 1.5735 
387.598 1.46594 
387.598 1.35838 
387.598 1.25081 
387.598 1.14325 
387.598 1.03569 
387.598 0.928125 
387.598 0.820563 
387.598 0.713 
387.598 0.864812 
387.598 1.01662 
387.598 1.16844 
387.598 1.32025 
387.598 1.47206 
387.598 1.62387 
387.598 1.77569 
387.598 1.9275 
387.598 2.07931 
387.598 2.23113 
387.598 2.38294 
387.598 2.53475 
387.598 2.68656 
387.598 2.83838 
387.598 2.99019 
387.598 3.142 
387.598 3.046 
387.598 2.95 
387.598 2.854 
387.598 2.758 
387.598 2.662 
387.598 2.566 
387.598 2.47 
387.598 2.374 
387.598 2.278 
387.598 2.182 
387.598 2.086 
387.598 1.99 
387.598 1.894 
387.598 1.798 
387.598 1.702 
387.598 1.606 
387.598 1.72263 
387.598 1.83925 
387.598 1.95588 
387.598 2.0725 
387.598 2.18913 
387.598 2.30575 
387.598 2.42238 
387.598 2.539 
387.598 2.65563 
387.598 2.77225 
387.598 2.88888 
387.598 3.0055 
387.598 3.12213 
387.598 3.23875 
387.598 3.35537 
387.598 3.472 
387.598 3.34037 
387.598 3.20875 
387.598 3.07713 
387.598 2.9455 
387.598 2.81387 
387.598 2.68225 
387.598 2.55063 
387.598 2.419 
387.598 2.28737 
387.598 2.15575 
387.598 2.02413 
387.598 1.8925 
387.598 1.76087 
387.598 1.62925 
387.598 1.49763 
387.598 1.366 
387.598 1.5635 
387.598 1.761 
387.598 1.9585 
387.598 2.156 
387.598 2.3535 
387.598 2.551 
387.598 2.7485 
387.598 2.946 
387.598 3.1435 
387.598 3.341 
387.598 3.5385 
387.598 3.736 
387.598 3.9335 
387.598 4.131 
387.598 4.3285 
387.598 4.526 
387.598 4.47987 
387.598 4.43375 
387.598 4.38762 
387.598 4.3415 
387.598 4.29537 
387.598 4.24925 
387.598 4.20312 
387.598 4.157 
387.598 4.11088 
387.598 4.06475 
387.598 4.01863 
387.598 3.9725 
387.598 3.92637 
387.598 3.88025 
387.598 3.83412 

