387.598 1.126 
387.598 1.11819 
387.598 1.11037 
387.598 1.10256 
387.598 1.09475 
387.598 1.08694 
387.598 1.07912 
387.598 1.07131 
387.598 1.0635 
387.598 1.05569 
387.598 1.04787 
387.598 1.04006 
387.598 1.03225 
387.598 1.02444 
387.598 1.01662 
387.598 1.00881 
387.598 6.872 
387.598 6.83675 
387.598 6.8015 
387.598 6.76625 
387.598 6.731 
387.598 6.69575 
387.598 6.6605 
387.598 6.62525 
387.598 6.59 
387.598 6.55475 
387.598 6.5195 
387.598 6.48425 
387.598 6.449 
387.598 6.41375 
387.598 6.3785 
387.598 6.34325 
387.598 11.324 
387.598 11.4453 
387.598 11.5666 
387.598 11.6879 
387.598 11.8093 
387.598 11.9306 
387.598 12.0519 
387.598 12.1732 
387.598 12.2945 
387.598 12.4158 
387.598 12.5371 
387.598 12.6584 
387.598 12.7797 
387.598 12.9011 
387.598 13.0224 
387.598 13.1437 
387.598 18.052 
387.598 17.9926 
387.598 17.9331 
387.598 17.8737 
387.598 17.8143 
387.598 17.7548 
387.598 17.6954 
387.598 17.6359 
387.598 17.5765 
387.598 17.5171 
387.598 17.4576 
387.598 17.3982 
387.598 17.3388 
387.598 17.2793 
387.598 17.2199 
387.598 17.1604 
387.598 3.781 
387.598 3.90675 
387.598 4.0325 
387.598 4.15825 
387.598 4.284 
387.598 4.40975 
387.598 4.5355 
387.598 4.66125 
387.598 4.787 
387.598 4.91275 
387.598 5.0385 
387.598 5.16425 
387.598 5.29 
387.598 5.41575 
387.598 5.5415 
387.598 5.66725 
387.598 13.21 
387.598 13.0181 
387.598 12.8261 
387.598 12.6342 
387.598 12.4423 
387.598 12.2503 
387.598 12.0584 
387.598 11.8664 
387.598 11.6745 
387.598 11.4826 
387.598 11.2906 
387.598 11.0987 
387.598 10.9068 
387.598 10.7148 
387.598 10.5229 
387.598 10.3309 
387.598 6.235 
387.598 6.43206 
387.598 6.62913 
387.598 6.82619 
387.598 7.02325 
387.598 7.22031 
387.598 7.41737 
387.598 7.61444 
387.598 7.8115 
387.598 8.00856 
387.598 8.20562 
387.598 8.40269 
387.598 8.59975 
387.598 8.79681 
387.598 8.99387 
387.598 9.19094 
387.598 1.02 
387.598 1.02725 
387.598 1.0345 
387.598 1.04175 
387.598 1.049 
387.598 1.05625 
387.598 1.0635 
387.598 1.07075 
387.598 1.078 
387.598 1.08525 
387.598 1.0925 
387.598 1.09975 
387.598 1.107 
387.598 1.11425 
387.598 1.1215 
387.598 1.12875 

