387.598 4.736 
387.598 4.86369 
387.598 4.99137 
387.598 5.11906 
387.598 5.24675 
387.598 5.37444 
387.598 5.50212 
387.598 5.62981 
387.598 5.7575 
387.598 5.88519 
387.598 6.01287 
387.598 6.14056 
387.598 6.26825 
387.598 6.39594 
387.598 6.52363 
387.598 6.65131 
387.598 6.177 
387.598 6.13156 
387.598 6.08612 
387.598 6.04069 
387.598 5.99525 
387.598 5.94981 
387.598 5.90437 
387.598 5.85894 
387.598 5.8135 
387.598 5.76806 
387.598 5.72262 
387.598 5.67719 
387.598 5.63175 
387.598 5.58631 
387.598 5.54087 
387.598 5.49544 
387.598 7.195 
387.598 7.15913 
387.598 7.12325 
387.598 7.08738 
387.598 7.0515 
387.598 7.01562 
387.598 6.97975 
387.598 6.94388 
387.598 6.908 
387.598 6.87213 
387.598 6.83625 
387.598 6.80038 
387.598 6.7645 
387.598 6.72863 
387.598 6.69275 
387.598 6.65688 
387.598 19.928 
387.598 19.9767 
387.598 20.0255 
387.598 20.0742 
387.598 20.123 
387.598 20.1717 
387.598 20.2205 
387.598 20.2692 
387.598 20.318 
387.598 20.3667 
387.598 20.4155 
387.598 20.4642 
387.598 20.513 
387.598 20.5617 
387.598 20.6105 
387.598 20.6593 
387.598 2.734 
387.598 2.72631 
387.598 2.71862 
387.598 2.71094 
387.598 2.70325 
387.598 2.69556 
387.598 2.68788 
387.598 2.68019 
387.598 2.6725 
387.598 2.66481 
387.598 2.65713 
387.598 2.64944 
387.598 2.64175 
387.598 2.63406 
387.598 2.62638 
387.598 2.61869 
387.598 13.117 
387.598 13.1415 
387.598 13.166 
387.598 13.1905 
387.598 13.215 
387.598 13.2395 
387.598 13.264 
387.598 13.2885 
387.598 13.313 
387.598 13.3375 
387.598 13.362 
387.598 13.3865 
387.598 13.411 
387.598 13.4355 
387.598 13.46 
387.598 13.4845 
387.598 5.487 
387.598 5.46462 
387.598 5.44225 
387.598 5.41988 
387.598 5.3975 
387.598 5.37512 
387.598 5.35275 
387.598 5.33038 
387.598 5.308 
387.598 5.28563 
387.598 5.26325 
387.598 5.24087 
387.598 5.2185 
387.598 5.19613 
387.598 5.17375 
387.598 5.15137 
387.598 1.756 
387.598 1.68712 
387.598 1.61825 
387.598 1.54937 
387.598 1.4805 
387.598 1.41162 
387.598 1.34275 
387.598 1.27388 
387.598 1.205 
387.598 1.13613 
387.598 1.06725 
387.598 0.998375 
387.598 0.9295 
387.598 0.860625 
387.598 0.79175 
387.598 0.722875 

