387.598 3.436 
387.598 3.42069 
387.598 3.40537 
387.598 3.39006 
387.598 3.37475 
387.598 3.35944 
387.598 3.34413 
387.598 3.32881 
387.598 3.3135 
387.598 3.29819 
387.598 3.28287 
387.598 3.26756 
387.598 3.25225 
387.598 3.23694 
387.598 3.22162 
387.598 3.20631 
387.598 7.036 
387.598 7.07362 
387.598 7.11125 
387.598 7.14887 
387.598 7.1865 
387.598 7.22412 
387.598 7.26175 
387.598 7.29937 
387.598 7.337 
387.598 7.37462 
387.598 7.41225 
387.598 7.44987 
387.598 7.4875 
387.598 7.52513 
387.598 7.56275 
387.598 7.60037 
387.598 7.608 
387.598 7.64369 
387.598 7.67937 
387.598 7.71506 
387.598 7.75075 
387.598 7.78644 
387.598 7.82212 
387.598 7.85781 
387.598 7.8935 
387.598 7.92919 
387.598 7.96488 
387.598 8.00056 
387.598 8.03625 
387.598 8.07194 
387.598 8.10763 
387.598 8.14331 
387.598 17.193 
387.598 17.0993 
387.598 17.0055 
387.598 16.9118 
387.598 16.818 
387.598 16.7243 
387.598 16.6305 
387.598 16.5368 
387.598 16.443 
387.598 16.3493 
387.598 16.2555 
387.598 16.1618 
387.598 16.068 
387.598 15.9743 
387.598 15.8805 
387.598 15.7868 
387.598 2.473 
387.598 2.61775 
387.598 2.7625 
387.598 2.90725 
387.598 3.052 
387.598 3.19675 
387.598 3.3415 
387.598 3.48625 
387.598 3.631 
387.598 3.77575 
387.598 3.9205 
387.598 4.06525 
387.598 4.21 
387.598 4.35475 
387.598 4.4995 
387.598 4.64425 
387.598 16.628 
387.598 16.4793 
387.598 16.3306 
387.598 16.1819 
387.598 16.0332 
387.598 15.8846 
387.598 15.7359 
387.598 15.5872 
387.598 15.4385 
387.598 15.2898 
387.598 15.1411 
387.598 14.9924 
387.598 14.8438 
387.598 14.6951 
387.598 14.5464 
387.598 14.3977 
387.598 6.362 
387.598 6.56438 
387.598 6.76675 
387.598 6.96913 
387.598 7.1715 
387.598 7.37387 
387.598 7.57625 
387.598 7.77862 
387.598 7.981 
387.598 8.18337 
387.598 8.38575 
387.598 8.58812 
387.598 8.7905 
387.598 8.99287 
387.598 9.19525 
387.598 9.39762 
387.598 1.406 
387.598 1.35906 
387.598 1.31212 
387.598 1.26519 
387.598 1.21825 
387.598 1.17131 
387.598 1.12437 
387.598 1.07744 
387.598 1.0305 
387.598 0.983563 
387.598 0.936625 
387.598 0.889687 
387.598 0.84275 
387.598 0.795813 
387.598 0.748875 
387.598 0.701937 

