387.598 3.535 
387.598 3.49838 
387.598 3.46175 
387.598 3.42512 
387.598 3.3885 
387.598 3.35188 
387.598 3.31525 
387.598 3.27862 
387.598 3.242 
387.598 3.20538 
387.598 3.16875 
387.598 3.13213 
387.598 3.0955 
387.598 3.05888 
387.598 3.02225 
387.598 2.98563 
387.598 4.545 
387.598 4.62638 
387.598 4.70775 
387.598 4.78913 
387.598 4.8705 
387.598 4.95188 
387.598 5.03325 
387.598 5.11463 
387.598 5.196 
387.598 5.27738 
387.598 5.35875 
387.598 5.44013 
387.598 5.5215 
387.598 5.60288 
387.598 5.68425 
387.598 5.76562 
387.598 7.314 
387.598 7.25244 
387.598 7.19088 
387.598 7.12931 
387.598 7.06775 
387.598 7.00619 
387.598 6.94463 
387.598 6.88306 
387.598 6.8215 
387.598 6.75994 
387.598 6.69838 
387.598 6.63681 
387.598 6.57525 
387.598 6.51369 
387.598 6.45213 
387.598 6.39056 
387.598 20.307 
387.598 20.2819 
387.598 20.2568 
387.598 20.2316 
387.598 20.2065 
387.598 20.1814 
387.598 20.1562 
387.598 20.1311 
387.598 20.106 
387.598 20.0809 
387.598 20.0557 
387.598 20.0306 
387.598 20.0055 
387.598 19.9804 
387.598 19.9552 
387.598 19.9301 
387.598 3.485 
387.598 3.49881 
387.598 3.51262 
387.598 3.52644 
387.598 3.54025 
387.598 3.55406 
387.598 3.56787 
387.598 3.58169 
387.598 3.5955 
387.598 3.60931 
387.598 3.62312 
387.598 3.63694 
387.598 3.65075 
387.598 3.66456 
387.598 3.67837 
387.598 3.69219 
387.598 9.798 
387.598 9.95425 
387.598 10.1105 
387.598 10.2668 
387.598 10.423 
387.598 10.5793 
387.598 10.7355 
387.598 10.8918 
387.598 11.048 
387.598 11.2043 
387.598 11.3605 
387.598 11.5168 
387.598 11.673 
387.598 11.8293 
387.598 11.9855 
387.598 12.1418 
387.598 5.008 
387.598 4.92694 
387.598 4.84588 
387.598 4.76481 
387.598 4.68375 
387.598 4.60269 
387.598 4.52163 
387.598 4.44056 
387.598 4.3595 
387.598 4.27844 
387.598 4.19738 
387.598 4.11631 
387.598 4.03525 
387.598 3.95419 
387.598 3.87312 
387.598 3.79206 
387.598 2.057 
387.598 2.09037 
387.598 2.12375 
387.598 2.15713 
387.598 2.1905 
387.598 2.22388 
387.598 2.25725 
387.598 2.29062 
387.598 2.324 
387.598 2.35738 
387.598 2.39075 
387.598 2.42413 
387.598 2.4575 
387.598 2.49087 
387.598 2.52425 
387.598 2.55763 

