1335.06 1.018 
1335.06 1.02809 
1335.06 1.03818 
1335.06 1.04827 
1335.06 1.05836 
1335.06 1.06845 
1335.06 1.07855 
1335.06 1.08864 
1335.06 1.09873 
1335.06 1.10882 
1335.06 1.11891 
1335.06 1.129 
1335.06 1.12618 
1335.06 1.12336 
1335.06 1.12055 
1335.06 1.11773 
1335.06 1.11491 
1335.06 1.11209 
1335.06 1.10927 
1335.06 1.10645 
1335.06 1.10364 
1335.06 1.10082 
1335.06 1.098 
1335.06 1.12445 
1335.06 1.15091 
1335.06 1.17736 
1335.06 1.20382 
1335.06 1.23027 
1335.06 1.25673 
1335.06 1.28318 
1335.06 1.30964 
1335.06 1.33609 
1335.06 1.36255 
1335.06 1.389 
1335.06 1.42827 
1335.06 1.46755 
1335.06 1.50682 
1335.06 1.54609 
1335.06 1.58536 
1335.06 1.62464 
1335.06 1.66391 
1335.06 1.70318 
1335.06 1.74245 
1335.06 1.78173 
1335.06 1.821 
1335.06 1.828 
1335.06 1.835 
1335.06 1.842 
1335.06 1.849 
1335.06 1.856 
1335.06 1.863 
1335.06 1.87 
1335.06 1.877 
1335.06 1.884 
1335.06 1.891 
1335.06 1.898 
1335.06 1.78009 
1335.06 1.66218 
1335.06 1.54427 
1335.06 1.42636 
1335.06 1.30845 
1335.06 1.19055 
1335.06 1.07264 
1335.06 0.954727 
1335.06 0.836818 
1335.06 0.718909 
1335.06 0.601 
1335.06 0.799818 
1335.06 0.998636 
1335.06 1.19745 
1335.06 1.39627 
1335.06 1.59509 
1335.06 1.79391 
1335.06 1.99273 
1335.06 2.19155 
1335.06 2.39036 
1335.06 2.58918 
1335.06 2.788 
1335.06 2.62055 
1335.06 2.45309 
1335.06 2.28564 
1335.06 2.11818 
1335.06 1.95073 
1335.06 1.78327 
1335.06 1.61582 
1335.06 1.44836 
1335.06 1.28091 
1335.06 1.11345 

