1335.06 0.555 
1335.06 0.567182 
1335.06 0.579364 
1335.06 0.591545 
1335.06 0.603727 
1335.06 0.615909 
1335.06 0.628091 
1335.06 0.640273 
1335.06 0.652455 
1335.06 0.664636 
1335.06 0.676818 
1335.06 0.689 
1335.06 0.700182 
1335.06 0.711364 
1335.06 0.722545 
1335.06 0.733727 
1335.06 0.744909 
1335.06 0.756091 
1335.06 0.767273 
1335.06 0.778455 
1335.06 0.789636 
1335.06 0.800818 
1335.06 0.812 
1335.06 0.874818 
1335.06 0.937636 
1335.06 1.00045 
1335.06 1.06327 
1335.06 1.12609 
1335.06 1.18891 
1335.06 1.25173 
1335.06 1.31455 
1335.06 1.37736 
1335.06 1.44018 
1335.06 1.503 
1335.06 1.66164 
1335.06 1.82027 
1335.06 1.97891 
1335.06 2.13755 
1335.06 2.29618 
1335.06 2.45482 
1335.06 2.61345 
1335.06 2.77209 
1335.06 2.93073 
1335.06 3.08936 
1335.06 3.248 
1335.06 3.13082 
1335.06 3.01364 
1335.06 2.89645 
1335.06 2.77927 
1335.06 2.66209 
1335.06 2.54491 
1335.06 2.42773 
1335.06 2.31055 
1335.06 2.19336 
1335.06 2.07618 
1335.06 1.959 
1335.06 1.83327 
1335.06 1.70755 
1335.06 1.58182 
1335.06 1.45609 
1335.06 1.33036 
1335.06 1.20464 
1335.06 1.07891 
1335.06 0.953182 
1335.06 0.827455 
1335.06 0.701727 
1335.06 0.576 
1335.06 0.639636 
1335.06 0.703273 
1335.06 0.766909 
1335.06 0.830545 
1335.06 0.894182 
1335.06 0.957818 
1335.06 1.02145 
1335.06 1.08509 
1335.06 1.14873 
1335.06 1.21236 
1335.06 1.276 
1335.06 1.23773 
1335.06 1.19945 
1335.06 1.16118 
1335.06 1.12291 
1335.06 1.08464 
1335.06 1.04636 
1335.06 1.00809 
1335.06 0.969818 
1335.06 0.931545 
1335.06 0.893273 

