1335.06 0.547 
1335.06 0.547182 
1335.06 0.547364 
1335.06 0.547545 
1335.06 0.547727 
1335.06 0.547909 
1335.06 0.548091 
1335.06 0.548273 
1335.06 0.548455 
1335.06 0.548636 
1335.06 0.548818 
1335.06 0.549 
1335.06 0.588545 
1335.06 0.628091 
1335.06 0.667636 
1335.06 0.707182 
1335.06 0.746727 
1335.06 0.786273 
1335.06 0.825818 
1335.06 0.865364 
1335.06 0.904909 
1335.06 0.944455 
1335.06 0.984 
1335.06 0.972545 
1335.06 0.961091 
1335.06 0.949636 
1335.06 0.938182 
1335.06 0.926727 
1335.06 0.915273 
1335.06 0.903818 
1335.06 0.892364 
1335.06 0.880909 
1335.06 0.869455 
1335.06 0.858 
1335.06 1.12827 
1335.06 1.39855 
1335.06 1.66882 
1335.06 1.93909 
1335.06 2.20936 
1335.06 2.47964 
1335.06 2.74991 
1335.06 3.02018 
1335.06 3.29045 
1335.06 3.56073 
1335.06 3.831 
1335.06 3.63645 
1335.06 3.44191 
1335.06 3.24736 
1335.06 3.05282 
1335.06 2.85827 
1335.06 2.66373 
1335.06 2.46918 
1335.06 2.27464 
1335.06 2.08009 
1335.06 1.88555 
1335.06 1.691 
1335.06 1.59891 
1335.06 1.50682 
1335.06 1.41473 
1335.06 1.32264 
1335.06 1.23055 
1335.06 1.13845 
1335.06 1.04636 
1335.06 0.954273 
1335.06 0.862182 
1335.06 0.770091 
1335.06 0.678 
1335.06 0.908455 
1335.06 1.13891 
1335.06 1.36936 
1335.06 1.59982 
1335.06 1.83027 
1335.06 2.06073 
1335.06 2.29118 
1335.06 2.52164 
1335.06 2.75209 
1335.06 2.98255 
1335.06 3.213 
1335.06 3.00264 
1335.06 2.79227 
1335.06 2.58191 
1335.06 2.37155 
1335.06 2.16118 
1335.06 1.95082 
1335.06 1.74045 
1335.06 1.53009 
1335.06 1.31973 
1335.06 1.10936 

