1335.06 1.469 
1335.06 1.41845 
1335.06 1.36791 
1335.06 1.31736 
1335.06 1.26682 
1335.06 1.21627 
1335.06 1.16573 
1335.06 1.11518 
1335.06 1.06464 
1335.06 1.01409 
1335.06 0.963545 
1335.06 0.913 
1335.06 0.935545 
1335.06 0.958091 
1335.06 0.980636 
1335.06 1.00318 
1335.06 1.02573 
1335.06 1.04827 
1335.06 1.07082 
1335.06 1.09336 
1335.06 1.11591 
1335.06 1.13845 
1335.06 1.161 
1335.06 1.16873 
1335.06 1.17645 
1335.06 1.18418 
1335.06 1.19191 
1335.06 1.19964 
1335.06 1.20736 
1335.06 1.21509 
1335.06 1.22282 
1335.06 1.23055 
1335.06 1.23827 
1335.06 1.246 
1335.06 1.37555 
1335.06 1.50509 
1335.06 1.63464 
1335.06 1.76418 
1335.06 1.89373 
1335.06 2.02327 
1335.06 2.15282 
1335.06 2.28236 
1335.06 2.41191 
1335.06 2.54145 
1335.06 2.671 
1335.06 2.60673 
1335.06 2.54245 
1335.06 2.47818 
1335.06 2.41391 
1335.06 2.34964 
1335.06 2.28536 
1335.06 2.22109 
1335.06 2.15682 
1335.06 2.09255 
1335.06 2.02827 
1335.06 1.964 
1335.06 1.82864 
1335.06 1.69327 
1335.06 1.55791 
1335.06 1.42255 
1335.06 1.28718 
1335.06 1.15182 
1335.06 1.01645 
1335.06 0.881091 
1335.06 0.745727 
1335.06 0.610364 
1335.06 0.475 
1335.06 0.657545 
1335.06 0.840091 
1335.06 1.02264 
1335.06 1.20518 
1335.06 1.38773 
1335.06 1.57027 
1335.06 1.75282 
1335.06 1.93536 
1335.06 2.11791 
1335.06 2.30045 
1335.06 2.483 
1335.06 2.34082 
1335.06 2.19864 
1335.06 2.05645 
1335.06 1.91427 
1335.06 1.77209 
1335.06 1.62991 
1335.06 1.48773 
1335.06 1.34555 
1335.06 1.20336 
1335.06 1.06118 

