1335.06 1.462 
1335.06 1.43236 
1335.06 1.40273 
1335.06 1.37309 
1335.06 1.34345 
1335.06 1.31382 
1335.06 1.28418 
1335.06 1.25455 
1335.06 1.22491 
1335.06 1.19527 
1335.06 1.16564 
1335.06 1.136 
1335.06 1.12555 
1335.06 1.11509 
1335.06 1.10464 
1335.06 1.09418 
1335.06 1.08373 
1335.06 1.07327 
1335.06 1.06282 
1335.06 1.05236 
1335.06 1.04191 
1335.06 1.03145 
1335.06 1.021 
1335.06 1.08309 
1335.06 1.14518 
1335.06 1.20727 
1335.06 1.26936 
1335.06 1.33145 
1335.06 1.39355 
1335.06 1.45564 
1335.06 1.51773 
1335.06 1.57982 
1335.06 1.64191 
1335.06 1.704 
1335.06 1.76209 
1335.06 1.82018 
1335.06 1.87827 
1335.06 1.93636 
1335.06 1.99445 
1335.06 2.05255 
1335.06 2.11064 
1335.06 2.16873 
1335.06 2.22682 
1335.06 2.28491 
1335.06 2.343 
1335.06 2.31791 
1335.06 2.29282 
1335.06 2.26773 
1335.06 2.24264 
1335.06 2.21755 
1335.06 2.19245 
1335.06 2.16736 
1335.06 2.14227 
1335.06 2.11718 
1335.06 2.09209 
1335.06 2.067 
1335.06 1.90591 
1335.06 1.74482 
1335.06 1.58373 
1335.06 1.42264 
1335.06 1.26155 
1335.06 1.10045 
1335.06 0.939364 
1335.06 0.778273 
1335.06 0.617182 
1335.06 0.456091 
1335.06 0.295 
1335.06 0.536182 
1335.06 0.777364 
1335.06 1.01855 
1335.06 1.25973 
1335.06 1.50091 
1335.06 1.74209 
1335.06 1.98327 
1335.06 2.22445 
1335.06 2.46564 
1335.06 2.70682 
1335.06 2.948 
1335.06 2.75718 
1335.06 2.56636 
1335.06 2.37555 
1335.06 2.18473 
1335.06 1.99391 
1335.06 1.80309 
1335.06 1.61227 
1335.06 1.42145 
1335.06 1.23064 
1335.06 1.03982 

