1335.06 0.855 
1335.06 0.852818 
1335.06 0.850636 
1335.06 0.848455 
1335.06 0.846273 
1335.06 0.844091 
1335.06 0.841909 
1335.06 0.839727 
1335.06 0.837545 
1335.06 0.835364 
1335.06 0.833182 
1335.06 0.831 
1335.06 0.834909 
1335.06 0.838818 
1335.06 0.842727 
1335.06 0.846636 
1335.06 0.850545 
1335.06 0.854455 
1335.06 0.858364 
1335.06 0.862273 
1335.06 0.866182 
1335.06 0.870091 
1335.06 0.874 
1335.06 0.918727 
1335.06 0.963455 
1335.06 1.00818 
1335.06 1.05291 
1335.06 1.09764 
1335.06 1.14236 
1335.06 1.18709 
1335.06 1.23182 
1335.06 1.27655 
1335.06 1.32127 
1335.06 1.366 
1335.06 1.58891 
1335.06 1.81182 
1335.06 2.03473 
1335.06 2.25764 
1335.06 2.48055 
1335.06 2.70345 
1335.06 2.92636 
1335.06 3.14927 
1335.06 3.37218 
1335.06 3.59509 
1335.06 3.818 
1335.06 3.63482 
1335.06 3.45164 
1335.06 3.26845 
1335.06 3.08527 
1335.06 2.90209 
1335.06 2.71891 
1335.06 2.53573 
1335.06 2.35255 
1335.06 2.16936 
1335.06 1.98618 
1335.06 1.803 
1335.06 1.67509 
1335.06 1.54718 
1335.06 1.41927 
1335.06 1.29136 
1335.06 1.16345 
1335.06 1.03555 
1335.06 0.907636 
1335.06 0.779727 
1335.06 0.651818 
1335.06 0.523909 
1335.06 0.396 
1335.06 0.479727 
1335.06 0.563455 
1335.06 0.647182 
1335.06 0.730909 
1335.06 0.814636 
1335.06 0.898364 
1335.06 0.982091 
1335.06 1.06582 
1335.06 1.14955 
1335.06 1.23327 
1335.06 1.317 
1335.06 1.26845 
1335.06 1.21991 
1335.06 1.17136 
1335.06 1.12282 
1335.06 1.07427 
1335.06 1.02573 
1335.06 0.977182 
1335.06 0.928636 
1335.06 0.880091 
1335.06 0.831545 

