1335.06 0.262 
1335.06 0.305909 
1335.06 0.349818 
1335.06 0.393727 
1335.06 0.437636 
1335.06 0.481545 
1335.06 0.525455 
1335.06 0.569364 
1335.06 0.613273 
1335.06 0.657182 
1335.06 0.701091 
1335.06 0.745 
1335.06 0.708455 
1335.06 0.671909 
1335.06 0.635364 
1335.06 0.598818 
1335.06 0.562273 
1335.06 0.525727 
1335.06 0.489182 
1335.06 0.452636 
1335.06 0.416091 
1335.06 0.379545 
1335.06 0.343 
1335.06 0.431636 
1335.06 0.520273 
1335.06 0.608909 
1335.06 0.697545 
1335.06 0.786182 
1335.06 0.874818 
1335.06 0.963455 
1335.06 1.05209 
1335.06 1.14073 
1335.06 1.22936 
1335.06 1.318 
1335.06 1.51118 
1335.06 1.70436 
1335.06 1.89755 
1335.06 2.09073 
1335.06 2.28391 
1335.06 2.47709 
1335.06 2.67027 
1335.06 2.86345 
1335.06 3.05664 
1335.06 3.24982 
1335.06 3.443 
1335.06 3.25473 
1335.06 3.06645 
1335.06 2.87818 
1335.06 2.68991 
1335.06 2.50164 
1335.06 2.31336 
1335.06 2.12509 
1335.06 1.93682 
1335.06 1.74855 
1335.06 1.56027 
1335.06 1.372 
1335.06 1.30409 
1335.06 1.23618 
1335.06 1.16827 
1335.06 1.10036 
1335.06 1.03245 
1335.06 0.964545 
1335.06 0.896636 
1335.06 0.828727 
1335.06 0.760818 
1335.06 0.692909 
1335.06 0.625 
1335.06 0.876182 
1335.06 1.12736 
1335.06 1.37855 
1335.06 1.62973 
1335.06 1.88091 
1335.06 2.13209 
1335.06 2.38327 
1335.06 2.63445 
1335.06 2.88564 
1335.06 3.13682 
1335.06 3.388 
1335.06 3.16745 
1335.06 2.94691 
1335.06 2.72636 
1335.06 2.50582 
1335.06 2.28527 
1335.06 2.06473 
1335.06 1.84418 
1335.06 1.62364 
1335.06 1.40309 
1335.06 1.18255 

