1335.06 1.442 
1335.06 1.39127 
1335.06 1.34055 
1335.06 1.28982 
1335.06 1.23909 
1335.06 1.18836 
1335.06 1.13764 
1335.06 1.08691 
1335.06 1.03618 
1335.06 0.985455 
1335.06 0.934727 
1335.06 0.884 
1335.06 0.947818 
1335.06 1.01164 
1335.06 1.07545 
1335.06 1.13927 
1335.06 1.20309 
1335.06 1.26691 
1335.06 1.33073 
1335.06 1.39455 
1335.06 1.45836 
1335.06 1.52218 
1335.06 1.586 
1335.06 1.55936 
1335.06 1.53273 
1335.06 1.50609 
1335.06 1.47945 
1335.06 1.45282 
1335.06 1.42618 
1335.06 1.39955 
1335.06 1.37291 
1335.06 1.34627 
1335.06 1.31964 
1335.06 1.293 
1335.06 1.45709 
1335.06 1.62118 
1335.06 1.78527 
1335.06 1.94936 
1335.06 2.11345 
1335.06 2.27755 
1335.06 2.44164 
1335.06 2.60573 
1335.06 2.76982 
1335.06 2.93391 
1335.06 3.098 
1335.06 2.98355 
1335.06 2.86909 
1335.06 2.75464 
1335.06 2.64018 
1335.06 2.52573 
1335.06 2.41127 
1335.06 2.29682 
1335.06 2.18236 
1335.06 2.06791 
1335.06 1.95345 
1335.06 1.839 
1335.06 1.69636 
1335.06 1.55373 
1335.06 1.41109 
1335.06 1.26845 
1335.06 1.12582 
1335.06 0.983182 
1335.06 0.840545 
1335.06 0.697909 
1335.06 0.555273 
1335.06 0.412636 
1335.06 0.27 
1335.06 0.520636 
1335.06 0.771273 
1335.06 1.02191 
1335.06 1.27255 
1335.06 1.52318 
1335.06 1.77382 
1335.06 2.02445 
1335.06 2.27509 
1335.06 2.52573 
1335.06 2.77636 
1335.06 3.027 
1335.06 2.83527 
1335.06 2.64355 
1335.06 2.45182 
1335.06 2.26009 
1335.06 2.06836 
1335.06 1.87664 
1335.06 1.68491 
1335.06 1.49318 
1335.06 1.30145 
1335.06 1.10973 

