1335.06 0.898 
1335.06 0.916 
1335.06 0.934 
1335.06 0.952 
1335.06 0.97 
1335.06 0.988 
1335.06 1.006 
1335.06 1.024 
1335.06 1.042 
1335.06 1.06 
1335.06 1.078 
1335.06 1.096 
1335.06 1.10764 
1335.06 1.11927 
1335.06 1.13091 
1335.06 1.14255 
1335.06 1.15418 
1335.06 1.16582 
1335.06 1.17745 
1335.06 1.18909 
1335.06 1.20073 
1335.06 1.21236 
1335.06 1.224 
1335.06 1.21609 
1335.06 1.20818 
1335.06 1.20027 
1335.06 1.19236 
1335.06 1.18445 
1335.06 1.17655 
1335.06 1.16864 
1335.06 1.16073 
1335.06 1.15282 
1335.06 1.14491 
1335.06 1.137 
1335.06 1.31164 
1335.06 1.48627 
1335.06 1.66091 
1335.06 1.83555 
1335.06 2.01018 
1335.06 2.18482 
1335.06 2.35945 
1335.06 2.53409 
1335.06 2.70873 
1335.06 2.88336 
1335.06 3.058 
1335.06 2.94891 
1335.06 2.83982 
1335.06 2.73073 
1335.06 2.62164 
1335.06 2.51255 
1335.06 2.40345 
1335.06 2.29436 
1335.06 2.18527 
1335.06 2.07618 
1335.06 1.96709 
1335.06 1.858 
1335.06 1.75318 
1335.06 1.64836 
1335.06 1.54355 
1335.06 1.43873 
1335.06 1.33391 
1335.06 1.22909 
1335.06 1.12427 
1335.06 1.01945 
1335.06 0.914636 
1335.06 0.809818 
1335.06 0.705 
1335.06 0.907455 
1335.06 1.10991 
1335.06 1.31236 
1335.06 1.51482 
1335.06 1.71727 
1335.06 1.91973 
1335.06 2.12218 
1335.06 2.32464 
1335.06 2.52709 
1335.06 2.72955 
1335.06 2.932 
1335.06 2.74718 
1335.06 2.56236 
1335.06 2.37755 
1335.06 2.19273 
1335.06 2.00791 
1335.06 1.82309 
1335.06 1.63827 
1335.06 1.45345 
1335.06 1.26864 
1335.06 1.08382 

