1335.06 0.161 
1335.06 0.148375 
1335.06 0.13575 
1335.06 0.123125 
1335.06 0.1105 
1335.06 0.097875 
1335.06 0.08525 
1335.06 0.072625 
1335.06 0.06 
1335.06 0.047375 
1335.06 0.03475 
1335.06 0.022125 
1335.06 0.0095 
1335.06 -0.003125 
1335.06 -0.01575 
1335.06 -0.028375 
1335.06 0.369 
1335.06 0.44875 
1335.06 0.5285 
1335.06 0.60825 
1335.06 0.688 
1335.06 0.76775 
1335.06 0.8475 
1335.06 0.92725 
1335.06 1.007 
1335.06 1.08675 
1335.06 1.1665 
1335.06 1.24625 
1335.06 1.326 
1335.06 1.40575 
1335.06 1.4855 
1335.06 1.56525 
1335.06 0.637 
1335.06 0.76225 
1335.06 0.8875 
1335.06 1.01275 
1335.06 1.138 
1335.06 1.26325 
1335.06 1.3885 
1335.06 1.51375 
1335.06 1.639 
1335.06 1.76425 
1335.06 1.8895 
1335.06 2.01475 
1335.06 2.14 
1335.06 2.26525 
1335.06 2.3905 
1335.06 2.51575 
1335.06 1.112 
1335.06 1.18688 
1335.06 1.26175 
1335.06 1.33663 
1335.06 1.4115 
1335.06 1.48638 
1335.06 1.56125 
1335.06 1.63613 
1335.06 1.711 
1335.06 1.78588 
1335.06 1.86075 
1335.06 1.93563 
1335.06 2.0105 
1335.06 2.08538 
1335.06 2.16025 
1335.06 2.23513 
1335.06 3.362 
1335.06 3.2985 
1335.06 3.235 
1335.06 3.1715 
1335.06 3.108 
1335.06 3.0445 
1335.06 2.981 
1335.06 2.9175 
1335.06 2.854 
1335.06 2.7905 
1335.06 2.727 
1335.06 2.6635 
1335.06 2.6 
1335.06 2.5365 
1335.06 2.473 
1335.06 2.4095 
1335.06 1.148 
1335.06 0.978312 
1335.06 0.808625 
1335.06 0.638937 
1335.06 0.46925 
1335.06 0.299562 
1335.06 0.129875 
1335.06 -0.0398125 
1335.06 -0.2095 
1335.06 -0.379188 
1335.06 -0.548875 
1335.06 -0.718562 
1335.06 -0.88825 
1335.06 -1.05794 
1335.06 -1.22762 
1335.06 -1.39731 
1335.06 0.358 
1335.06 0.390875 
1335.06 0.42375 
1335.06 0.456625 
1335.06 0.4895 
1335.06 0.522375 
1335.06 0.55525 
1335.06 0.588125 
1335.06 0.621 
1335.06 0.653875 
1335.06 0.68675 
1335.06 0.719625 
1335.06 0.7525 
1335.06 0.785375 
1335.06 0.81825 
1335.06 0.851125 
1335.06 2.993 
1335.06 3.04694 
1335.06 3.10087 
1335.06 3.15481 
1335.06 3.20875 
1335.06 3.26269 
1335.06 3.31663 
1335.06 3.37056 
1335.06 3.4245 
1335.06 3.47844 
1335.06 3.53238 
1335.06 3.58631 
1335.06 3.64025 
1335.06 3.69419 
1335.06 3.74812 
1335.06 3.80206 

