1335.06 1.47 
1335.06 1.42219 
1335.06 1.37437 
1335.06 1.32656 
1335.06 1.27875 
1335.06 1.23094 
1335.06 1.18312 
1335.06 1.13531 
1335.06 1.0875 
1335.06 1.03969 
1335.06 0.991875 
1335.06 0.944062 
1335.06 0.89625 
1335.06 0.848437 
1335.06 0.800625 
1335.06 0.752812 
1335.06 0.705 
1335.06 0.83025 
1335.06 0.9555 
1335.06 1.08075 
1335.06 1.206 
1335.06 1.33125 
1335.06 1.4565 
1335.06 1.58175 
1335.06 1.707 
1335.06 1.83225 
1335.06 1.9575 
1335.06 2.08275 
1335.06 2.208 
1335.06 2.33325 
1335.06 2.4585 
1335.06 2.58375 
1335.06 2.709 
1335.06 2.70994 
1335.06 2.71088 
1335.06 2.71181 
1335.06 2.71275 
1335.06 2.71369 
1335.06 2.71463 
1335.06 2.71556 
1335.06 2.7165 
1335.06 2.71744 
1335.06 2.71837 
1335.06 2.71931 
1335.06 2.72025 
1335.06 2.72119 
1335.06 2.72213 
1335.06 2.72306 
1335.06 2.724 
1335.06 2.80313 
1335.06 2.88225 
1335.06 2.96138 
1335.06 3.0405 
1335.06 3.11963 
1335.06 3.19875 
1335.06 3.27788 
1335.06 3.357 
1335.06 3.43613 
1335.06 3.51525 
1335.06 3.59438 
1335.06 3.6735 
1335.06 3.75263 
1335.06 3.83175 
1335.06 3.91088 
1335.06 3.99 
1335.06 4.19694 
1335.06 4.40388 
1335.06 4.61081 
1335.06 4.81775 
1335.06 5.02469 
1335.06 5.23163 
1335.06 5.43856 
1335.06 5.6455 
1335.06 5.85244 
1335.06 6.05938 
1335.06 6.26631 
1335.06 6.47325 
1335.06 6.68019 
1335.06 6.88713 
1335.06 7.09406 
1335.06 7.301 
1335.06 6.89019 
1335.06 6.11991 
1335.06 6.74576 
1335.06 6.69762 
1335.06 6.64948 
1335.06 6.60133 
1335.06 6.55319 
1335.06 6.50505 
1335.06 6.45691 
1335.06 6.40877 
1335.06 6.36062 
1335.06 6.31248 
1335.06 6.26434 
1335.06 6.2162 
1335.06 6.16806 
1335.06 6.11991 
1335.06 6.15903 
1335.06 6.19814 
1335.06 6.23726 
1335.06 6.27638 
1335.06 6.31549 
1335.06 6.35461 
1335.06 6.39372 
1335.06 6.43284 
1335.06 6.47195 
1335.06 6.51107 
1335.06 6.55018 
1335.06 6.5893 
1335.06 6.62841 
1335.06 6.66753 
1335.06 6.70665 
1335.06 6.74576 
1335.06 6.74275 
1335.06 6.73974 
1335.06 6.73673 
1335.06 6.73373 
1335.06 6.73072 
1335.06 6.72771 
1335.06 6.7247 
1335.06 6.72169 
1335.06 6.71868 
1335.06 6.71567 
1335.06 6.71266 
1335.06 6.70965 
1335.06 6.70665 
1335.06 6.70364 
1335.06 6.70063 

