1335.06 1.734 
1335.06 1.66669 
1335.06 1.59937 
1335.06 1.53206 
1335.06 1.46475 
1335.06 1.39744 
1335.06 1.33013 
1335.06 1.26281 
1335.06 1.1955 
1335.06 1.12819 
1335.06 1.06088 
1335.06 0.993563 
1335.06 0.92625 
1335.06 0.858938 
1335.06 0.791625 
1335.06 0.724312 
1335.06 0.657 
1335.06 0.777062 
1335.06 0.897125 
1335.06 1.01719 
1335.06 1.13725 
1335.06 1.25731 
1335.06 1.37738 
1335.06 1.49744 
1335.06 1.6175 
1335.06 1.73756 
1335.06 1.85762 
1335.06 1.97769 
1335.06 2.09775 
1335.06 2.21781 
1335.06 2.33787 
1335.06 2.45794 
1335.06 2.578 
1335.06 2.64331 
1335.06 2.70863 
1335.06 2.77394 
1335.06 2.83925 
1335.06 2.90456 
1335.06 2.96988 
1335.06 3.03519 
1335.06 3.1005 
1335.06 3.16581 
1335.06 3.23113 
1335.06 3.29644 
1335.06 3.36175 
1335.06 3.42706 
1335.06 3.49238 
1335.06 3.55769 
1335.06 3.623 
1335.06 3.65844 
1335.06 3.69388 
1335.06 3.72931 
1335.06 3.76475 
1335.06 3.80019 
1335.06 3.83563 
1335.06 3.87106 
1335.06 3.9065 
1335.06 3.94194 
1335.06 3.97738 
1335.06 4.01281 
1335.06 4.04825 
1335.06 4.08369 
1335.06 4.11913 
1335.06 4.15456 
1335.06 4.19 
1335.06 4.29606 
1335.06 4.40212 
1335.06 4.50819 
1335.06 4.61425 
1335.06 4.72031 
1335.06 4.82638 
1335.06 4.93244 
1335.06 5.0385 
1335.06 5.14456 
1335.06 5.25062 
1335.06 5.35669 
1335.06 5.46275 
1335.06 5.56881 
1335.06 5.67488 
1335.06 5.78094 
1335.06 5.887 
1335.06 5.56131 
1335.06 5.23562 
1335.06 4.90994 
1335.06 4.58425 
1335.06 4.25856 
1335.06 3.93287 
1335.06 3.60719 
1335.06 3.2815 
1335.06 2.95581 
1335.06 2.63013 
1335.06 2.30444 
1335.06 1.97875 
1335.06 1.65306 
1335.06 1.32737 
1335.06 1.00169 
1335.06 0.676 
1335.06 0.692375 
1335.06 0.70875 
1335.06 0.725125 
1335.06 0.7415 
1335.06 0.757875 
1335.06 0.77425 
1335.06 0.790625 
1335.06 0.807 
1335.06 0.823375 
1335.06 0.83975 
1335.06 0.856125 
1335.06 0.8725 
1335.06 0.888875 
1335.06 0.90525 
1335.06 0.921625 
1335.06 0.938 
1335.06 1.03712 
1335.06 1.13625 
1335.06 1.23537 
1335.06 1.3345 
1335.06 1.43362 
1335.06 1.53275 
1335.06 1.63187 
1335.06 1.731 
1335.06 1.83013 
1335.06 1.92925 
1335.06 2.02838 
1335.06 2.1275 
1335.06 2.22663 
1335.06 2.32575 
1335.06 2.42488 

