1335.06 0.375 
1335.06 0.34575 
1335.06 0.3165 
1335.06 0.28725 
1335.06 0.258 
1335.06 0.22875 
1335.06 0.1995 
1335.06 0.17025 
1335.06 0.141 
1335.06 0.11175 
1335.06 0.0825 
1335.06 0.05325 
1335.06 0.024 
1335.06 -0.00525 
1335.06 -0.0345 
1335.06 -0.06375 
1335.06 0.83 
1335.06 0.896562 
1335.06 0.963125 
1335.06 1.02969 
1335.06 1.09625 
1335.06 1.16281 
1335.06 1.22937 
1335.06 1.29594 
1335.06 1.3625 
1335.06 1.42906 
1335.06 1.49562 
1335.06 1.56219 
1335.06 1.62875 
1335.06 1.69531 
1335.06 1.76187 
1335.06 1.82844 
1335.06 0.675 
1335.06 0.804563 
1335.06 0.934125 
1335.06 1.06369 
1335.06 1.19325 
1335.06 1.32281 
1335.06 1.45237 
1335.06 1.58194 
1335.06 1.7115 
1335.06 1.84106 
1335.06 1.97063 
1335.06 2.10019 
1335.06 2.22975 
1335.06 2.35931 
1335.06 2.48888 
1335.06 2.61844 
1335.06 1.038 
1335.06 1.11225 
1335.06 1.1865 
1335.06 1.26075 
1335.06 1.335 
1335.06 1.40925 
1335.06 1.4835 
1335.06 1.55775 
1335.06 1.632 
1335.06 1.70625 
1335.06 1.7805 
1335.06 1.85475 
1335.06 1.929 
1335.06 2.00325 
1335.06 2.0775 
1335.06 2.15175 
1335.06 3.735 
1335.06 3.77275 
1335.06 3.8105 
1335.06 3.84825 
1335.06 3.886 
1335.06 3.92375 
1335.06 3.9615 
1335.06 3.99925 
1335.06 4.037 
1335.06 4.07475 
1335.06 4.1125 
1335.06 4.15025 
1335.06 4.188 
1335.06 4.22575 
1335.06 4.2635 
1335.06 4.30125 
1335.06 1.528 
1335.06 1.25106 
1335.06 0.974125 
1335.06 0.697188 
1335.06 0.42025 
1335.06 0.143312 
1335.06 -0.133625 
1335.06 -0.410562 
1335.06 -0.6875 
1335.06 -0.964437 
1335.06 -1.24138 
1335.06 -1.51831 
1335.06 -1.79525 
1335.06 -2.07219 
1335.06 -2.34912 
1335.06 -2.62606 
1335.06 0.234 
1335.06 0.312563 
1335.06 0.391125 
1335.06 0.469688 
1335.06 0.54825 
1335.06 0.626812 
1335.06 0.705375 
1335.06 0.783937 
1335.06 0.8625 
1335.06 0.941062 
1335.06 1.01963 
1335.06 1.09819 
1335.06 1.17675 
1335.06 1.25531 
1335.06 1.33387 
1335.06 1.41244 
1335.06 2.542 
1335.06 2.55544 
1335.06 2.56887 
1335.06 2.58231 
1335.06 2.59575 
1335.06 2.60919 
1335.06 2.62262 
1335.06 2.63606 
1335.06 2.6495 
1335.06 2.66294 
1335.06 2.67637 
1335.06 2.68981 
1335.06 2.70325 
1335.06 2.71669 
1335.06 2.73012 
1335.06 2.74356 

