1335.06 0.555 
1335.06 0.510563 
1335.06 0.466125 
1335.06 0.421688 
1335.06 0.37725 
1335.06 0.332813 
1335.06 0.288375 
1335.06 0.243938 
1335.06 0.1995 
1335.06 0.155062 
1335.06 0.110625 
1335.06 0.0661875 
1335.06 0.02175 
1335.06 -0.0226875 
1335.06 -0.067125 
1335.06 -0.111563 
1335.06 0.689 
1335.06 0.811375 
1335.06 0.93375 
1335.06 1.05612 
1335.06 1.1785 
1335.06 1.30088 
1335.06 1.42325 
1335.06 1.54562 
1335.06 1.668 
1335.06 1.79038 
1335.06 1.91275 
1335.06 2.03512 
1335.06 2.1575 
1335.06 2.27988 
1335.06 2.40225 
1335.06 2.52462 
1335.06 0.812 
1335.06 0.877125 
1335.06 0.94225 
1335.06 1.00738 
1335.06 1.0725 
1335.06 1.13762 
1335.06 1.20275 
1335.06 1.26788 
1335.06 1.333 
1335.06 1.39812 
1335.06 1.46325 
1335.06 1.52838 
1335.06 1.5935 
1335.06 1.65862 
1335.06 1.72375 
1335.06 1.78887 
1335.06 1.503 
1335.06 1.59719 
1335.06 1.69137 
1335.06 1.78556 
1335.06 1.87975 
1335.06 1.97394 
1335.06 2.06813 
1335.06 2.16231 
1335.06 2.2565 
1335.06 2.35069 
1335.06 2.44487 
1335.06 2.53906 
1335.06 2.63325 
1335.06 2.72744 
1335.06 2.82163 
1335.06 2.91581 
1335.06 3.248 
1335.06 3.36638 
1335.06 3.48475 
1335.06 3.60313 
1335.06 3.7215 
1335.06 3.83988 
1335.06 3.95825 
1335.06 4.07662 
1335.06 4.195 
1335.06 4.31338 
1335.06 4.43175 
1335.06 4.55013 
1335.06 4.6685 
1335.06 4.78688 
1335.06 4.90525 
1335.06 5.02363 
1335.06 1.959 
1335.06 1.56981 
1335.06 1.18063 
1335.06 0.791438 
1335.06 0.40225 
1335.06 0.0130625 
1335.06 -0.376125 
1335.06 -0.765312 
1335.06 -1.1545 
1335.06 -1.54369 
1335.06 -1.93288 
1335.06 -2.32206 
1335.06 -2.71125 
1335.06 -3.10044 
1335.06 -3.48962 
1335.06 -3.87881 
1335.06 0.576 
1335.06 0.708187 
1335.06 0.840375 
1335.06 0.972562 
1335.06 1.10475 
1335.06 1.23694 
1335.06 1.36912 
1335.06 1.50131 
1335.06 1.6335 
1335.06 1.76569 
1335.06 1.89787 
1335.06 2.03006 
1335.06 2.16225 
1335.06 2.29444 
1335.06 2.42663 
1335.06 2.55881 
1335.06 1.276 
1335.06 1.33488 
1335.06 1.39375 
1335.06 1.45263 
1335.06 1.5115 
1335.06 1.57038 
1335.06 1.62925 
1335.06 1.68813 
1335.06 1.747 
1335.06 1.80588 
1335.06 1.86475 
1335.06 1.92363 
1335.06 1.9825 
1335.06 2.04138 
1335.06 2.10025 
1335.06 2.15913 

