1335.06 1.462 
1335.06 1.40863 
1335.06 1.35525 
1335.06 1.30187 
1335.06 1.2485 
1335.06 1.19512 
1335.06 1.14175 
1335.06 1.08838 
1335.06 1.035 
1335.06 0.981625 
1335.06 0.92825 
1335.06 0.874875 
1335.06 0.8215 
1335.06 0.768125 
1335.06 0.71475 
1335.06 0.661375 
1335.06 1.136 
1335.06 1.21894 
1335.06 1.30187 
1335.06 1.38481 
1335.06 1.46775 
1335.06 1.55069 
1335.06 1.63362 
1335.06 1.71656 
1335.06 1.7995 
1335.06 1.88244 
1335.06 1.96537 
1335.06 2.04831 
1335.06 2.13125 
1335.06 2.21419 
1335.06 2.29712 
1335.06 2.38006 
1335.06 1.021 
1335.06 1.09506 
1335.06 1.16912 
1335.06 1.24319 
1335.06 1.31725 
1335.06 1.39131 
1335.06 1.46537 
1335.06 1.53944 
1335.06 1.6135 
1335.06 1.68756 
1335.06 1.76162 
1335.06 1.83569 
1335.06 1.90975 
1335.06 1.98381 
1335.06 2.05788 
1335.06 2.13194 
1335.06 1.704 
1335.06 1.769 
1335.06 1.834 
1335.06 1.899 
1335.06 1.964 
1335.06 2.029 
1335.06 2.094 
1335.06 2.159 
1335.06 2.224 
1335.06 2.289 
1335.06 2.354 
1335.06 2.419 
1335.06 2.484 
1335.06 2.549 
1335.06 2.614 
1335.06 2.679 
1335.06 2.343 
1335.06 2.47431 
1335.06 2.60562 
1335.06 2.73694 
1335.06 2.86825 
1335.06 2.99956 
1335.06 3.13088 
1335.06 3.26219 
1335.06 3.3935 
1335.06 3.52481 
1335.06 3.65612 
1335.06 3.78744 
1335.06 3.91875 
1335.06 4.05006 
1335.06 4.18138 
1335.06 4.31269 
1335.06 2.067 
1335.06 1.81556 
1335.06 1.56413 
1335.06 1.31269 
1335.06 1.06125 
1335.06 0.809813 
1335.06 0.558375 
1335.06 0.306938 
1335.06 0.0555 
1335.06 -0.195937 
1335.06 -0.447375 
1335.06 -0.698812 
1335.06 -0.95025 
1335.06 -1.20169 
1335.06 -1.45312 
1335.06 -1.70456 
1335.06 0.295 
1335.06 0.192687 
1335.06 0.090375 
1335.06 -0.0119375 
1335.06 -0.11425 
1335.06 -0.216563 
1335.06 -0.318875 
1335.06 -0.421187 
1335.06 -0.5235 
1335.06 -0.625813 
1335.06 -0.728125 
1335.06 -0.830438 
1335.06 -0.93275 
1335.06 -1.03506 
1335.06 -1.13738 
1335.06 -1.23969 
1335.06 2.948 
1335.06 3.08369 
1335.06 3.21937 
1335.06 3.35506 
1335.06 3.49075 
1335.06 3.62644 
1335.06 3.76213 
1335.06 3.89781 
1335.06 4.0335 
1335.06 4.16919 
1335.06 4.30488 
1335.06 4.44056 
1335.06 4.57625 
1335.06 4.71194 
1335.06 4.84763 
1335.06 4.98331 

