1335.06 1.725 
1335.06 1.64613 
1335.06 1.56725 
1335.06 1.48838 
1335.06 1.4095 
1335.06 1.33062 
1335.06 1.25175 
1335.06 1.17288 
1335.06 1.094 
1335.06 1.01513 
1335.06 0.93625 
1335.06 0.857375 
1335.06 0.7785 
1335.06 0.699625 
1335.06 0.62075 
1335.06 0.541875 
1335.06 0.463 
1335.06 0.605688 
1335.06 0.748375 
1335.06 0.891063 
1335.06 1.03375 
1335.06 1.17644 
1335.06 1.31913 
1335.06 1.46181 
1335.06 1.6045 
1335.06 1.74719 
1335.06 1.88987 
1335.06 2.03256 
1335.06 2.17525 
1335.06 2.31794 
1335.06 2.46062 
1335.06 2.60331 
1335.06 2.746 
1335.06 2.77312 
1335.06 2.80025 
1335.06 2.82737 
1335.06 2.8545 
1335.06 2.88163 
1335.06 2.90875 
1335.06 2.93588 
1335.06 2.963 
1335.06 2.99012 
1335.06 3.01725 
1335.06 3.04438 
1335.06 3.0715 
1335.06 3.09863 
1335.06 3.12575 
1335.06 3.15288 
1335.06 3.18 
1335.06 3.23781 
1335.06 3.29563 
1335.06 3.35344 
1335.06 3.41125 
1335.06 3.46906 
1335.06 3.52688 
1335.06 3.58469 
1335.06 3.6425 
1335.06 3.70031 
1335.06 3.75813 
1335.06 3.81594 
1335.06 3.87375 
1335.06 3.93156 
1335.06 3.98938 
1335.06 4.04719 
1335.06 4.105 
1335.06 4.20369 
1335.06 4.30238 
1335.06 4.40106 
1335.06 4.49975 
1335.06 4.59844 
1335.06 4.69713 
1335.06 4.79581 
1335.06 4.8945 
1335.06 4.99319 
1335.06 5.09187 
1335.06 5.19056 
1335.06 5.28925 
1335.06 5.38794 
1335.06 5.48663 
1335.06 5.58531 
1335.06 5.684 
1335.06 5.37613 
1335.06 5.06825 
1335.06 4.76037 
1335.06 4.4525 
1335.06 4.14462 
1335.06 3.83675 
1335.06 3.52888 
1335.06 3.221 
1335.06 2.91312 
1335.06 2.60525 
1335.06 2.29738 
1335.06 1.9895 
1335.06 1.68163 
1335.06 1.37375 
1335.06 1.06588 
1335.06 0.758 
1335.06 0.761875 
1335.06 0.76575 
1335.06 0.769625 
1335.06 0.7735 
1335.06 0.777375 
1335.06 0.78125 
1335.06 0.785125 
1335.06 0.789 
1335.06 0.792875 
1335.06 0.79675 
1335.06 0.800625 
1335.06 0.8045 
1335.06 0.808375 
1335.06 0.81225 
1335.06 0.816125 
1335.06 0.82 
1335.06 0.91925 
1335.06 1.0185 
1335.06 1.11775 
1335.06 1.217 
1335.06 1.31625 
1335.06 1.4155 
1335.06 1.51475 
1335.06 1.614 
1335.06 1.71325 
1335.06 1.8125 
1335.06 1.91175 
1335.06 2.011 
1335.06 2.11025 
1335.06 2.2095 
1335.06 2.30875 

