1335.06 0.68 
1335.06 0.65025 
1335.06 0.6205 
1335.06 0.59075 
1335.06 0.561 
1335.06 0.53125 
1335.06 0.5015 
1335.06 0.47175 
1335.06 0.442 
1335.06 0.41225 
1335.06 0.3825 
1335.06 0.35275 
1335.06 0.323 
1335.06 0.29325 
1335.06 0.2635 
1335.06 0.23375 
1335.06 0.703 
1335.06 0.78 
1335.06 0.857 
1335.06 0.934 
1335.06 1.011 
1335.06 1.088 
1335.06 1.165 
1335.06 1.242 
1335.06 1.319 
1335.06 1.396 
1335.06 1.473 
1335.06 1.55 
1335.06 1.627 
1335.06 1.704 
1335.06 1.781 
1335.06 1.858 
1335.06 1.882 
1335.06 1.94437 
1335.06 2.00675 
1335.06 2.06912 
1335.06 2.1315 
1335.06 2.19387 
1335.06 2.25625 
1335.06 2.31862 
1335.06 2.381 
1335.06 2.44337 
1335.06 2.50575 
1335.06 2.56812 
1335.06 2.6305 
1335.06 2.69287 
1335.06 2.75525 
1335.06 2.81762 
1335.06 1.483 
1335.06 1.57556 
1335.06 1.66813 
1335.06 1.76069 
1335.06 1.85325 
1335.06 1.94581 
1335.06 2.03838 
1335.06 2.13094 
1335.06 2.2235 
1335.06 2.31606 
1335.06 2.40862 
1335.06 2.50119 
1335.06 2.59375 
1335.06 2.68631 
1335.06 2.77888 
1335.06 2.87144 
1335.06 2.874 
1335.06 2.96213 
1335.06 3.05025 
1335.06 3.13837 
1335.06 3.2265 
1335.06 3.31463 
1335.06 3.40275 
1335.06 3.49087 
1335.06 3.579 
1335.06 3.66713 
1335.06 3.75525 
1335.06 3.84337 
1335.06 3.9315 
1335.06 4.01963 
1335.06 4.10775 
1335.06 4.19588 
1335.06 1.809 
1335.06 1.49025 
1335.06 1.1715 
1335.06 0.85275 
1335.06 0.534 
1335.06 0.21525 
1335.06 -0.1035 
1335.06 -0.42225 
1335.06 -0.741 
1335.06 -1.05975 
1335.06 -1.3785 
1335.06 -1.69725 
1335.06 -2.016 
1335.06 -2.33475 
1335.06 -2.6535 
1335.06 -2.97225 
1335.06 0.472 
1335.06 0.510875 
1335.06 0.54975 
1335.06 0.588625 
1335.06 0.6275 
1335.06 0.666375 
1335.06 0.70525 
1335.06 0.744125 
1335.06 0.783 
1335.06 0.821875 
1335.06 0.86075 
1335.06 0.899625 
1335.06 0.9385 
1335.06 0.977375 
1335.06 1.01625 
1335.06 1.05513 
1335.06 2.831 
1335.06 2.9425 
1335.06 3.054 
1335.06 3.1655 
1335.06 3.277 
1335.06 3.3885 
1335.06 3.5 
1335.06 3.6115 
1335.06 3.723 
1335.06 3.8345 
1335.06 3.946 
1335.06 4.0575 
1335.06 4.169 
1335.06 4.2805 
1335.06 4.392 
1335.06 4.5035 

