1335.06 1.478 
1335.06 1.43531 
1335.06 1.39263 
1335.06 1.34994 
1335.06 1.30725 
1335.06 1.26456 
1335.06 1.22188 
1335.06 1.17919 
1335.06 1.1365 
1335.06 1.09381 
1335.06 1.05113 
1335.06 1.00844 
1335.06 0.96575 
1335.06 0.923063 
1335.06 0.880375 
1335.06 0.837688 
1335.06 0.795 
1335.06 0.906688 
1335.06 1.01838 
1335.06 1.13006 
1335.06 1.24175 
1335.06 1.35344 
1335.06 1.46513 
1335.06 1.57681 
1335.06 1.6885 
1335.06 1.80019 
1335.06 1.91187 
1335.06 2.02356 
1335.06 2.13525 
1335.06 2.24694 
1335.06 2.35862 
1335.06 2.47031 
1335.06 2.582 
1335.06 2.60037 
1335.06 2.61875 
1335.06 2.63712 
1335.06 2.6555 
1335.06 2.67387 
1335.06 2.69225 
1335.06 2.71062 
1335.06 2.729 
1335.06 2.74737 
1335.06 2.76575 
1335.06 2.78412 
1335.06 2.8025 
1335.06 2.82088 
1335.06 2.83925 
1335.06 2.85762 
1335.06 2.876 
1335.06 2.94588 
1335.06 3.01575 
1335.06 3.08562 
1335.06 3.1555 
1335.06 3.22538 
1335.06 3.29525 
1335.06 3.36512 
1335.06 3.435 
1335.06 3.50488 
1335.06 3.57475 
1335.06 3.64463 
1335.06 3.7145 
1335.06 3.78438 
1335.06 3.85425 
1335.06 3.92413 
1335.06 3.994 
1335.06 4.13769 
1335.06 4.28138 
1335.06 4.42506 
1335.06 4.56875 
1335.06 4.71244 
1335.06 4.85613 
1335.06 4.99981 
1335.06 5.1435 
1335.06 5.28719 
1335.06 5.43088 
1335.06 5.57456 
1335.06 5.71825 
1335.06 5.86194 
1335.06 6.00563 
1335.06 6.14931 
1335.06 6.293 
1335.06 5.945 
1335.06 5.597 
1335.06 5.249 
1335.06 4.901 
1335.06 4.553 
1335.06 4.205 
1335.06 3.857 
1335.06 3.509 
1335.06 3.161 
1335.06 2.813 
1335.06 2.465 
1335.06 2.117 
1335.06 1.769 
1335.06 1.421 
1335.06 1.073 
1335.06 0.725 
1335.06 0.710875 
1335.06 0.69675 
1335.06 0.682625 
1335.06 0.6685 
1335.06 0.654375 
1335.06 0.64025 
1335.06 0.626125 
1335.06 0.612 
1335.06 0.597875 
1335.06 0.58375 
1335.06 0.569625 
1335.06 0.5555 
1335.06 0.541375 
1335.06 0.52725 
1335.06 0.513125 
1335.06 0.499 
1335.06 0.64225 
1335.06 0.7855 
1335.06 0.92875 
1335.06 1.072 
1335.06 1.21525 
1335.06 1.3585 
1335.06 1.50175 
1335.06 1.645 
1335.06 1.78825 
1335.06 1.9315 
1335.06 2.07475 
1335.06 2.218 
1335.06 2.36125 
1335.06 2.5045 
1335.06 2.64775 

