301.465 11.22 
301.465 10.9711 
301.465 10.7222 
301.465 10.4733 
301.465 10.2244 
301.465 9.97545 
301.465 9.72655 
301.465 9.47764 
301.465 9.22873 
301.465 8.97982 
301.465 8.73091 
301.465 8.482 
301.465 10.2914 
301.465 12.1007 
301.465 13.9101 
301.465 15.7195 
301.465 17.5288 
301.465 19.3382 
301.465 21.1475 
301.465 22.9569 
301.465 24.7663 
301.465 26.5756 
301.465 28.385 
301.465 26.1595 
301.465 23.9341 
301.465 21.7086 
301.465 19.4832 
301.465 17.2577 
301.465 15.0323 
301.465 12.8068 
301.465 10.5814 
301.465 8.35591 
301.465 6.13045 
301.465 3.905 
301.465 4.00373 
301.465 4.10245 
301.465 4.20118 
301.465 4.29991 
301.465 4.39864 
301.465 4.49736 
301.465 4.59609 
301.465 4.69482 
301.465 4.79355 
301.465 4.89227 
301.465 4.991 
301.465 5.19864 
301.465 5.40627 
301.465 5.61391 
301.465 5.82155 
301.465 6.02918 
301.465 6.23682 
301.465 6.44445 
301.465 6.65209 
301.465 6.85973 
301.465 7.06736 
301.465 7.275 
301.465 6.77482 
301.465 6.27464 
301.465 5.77445 
301.465 5.27427 
301.465 4.77409 
301.465 4.27391 
301.465 3.77373 
301.465 3.27355 
301.465 2.77336 
301.465 2.27318 
301.465 1.773 
301.465 1.73345 
301.465 1.69391 
301.465 1.65436 
301.465 1.61482 
301.465 1.57527 
301.465 1.53573 
301.465 1.49618 
301.465 1.45664 
301.465 1.41709 
301.465 1.37755 
301.465 1.338 
301.465 1.273 
301.465 1.208 
301.465 1.143 
301.465 1.078 
301.465 1.013 
301.465 0.948 
301.465 0.883 
301.465 0.818 
301.465 0.753 
301.465 0.688 

