301.465 6.736 
301.465 7.48082 
301.465 8.22564 
301.465 8.97045 
301.465 9.71527 
301.465 10.4601 
301.465 11.2049 
301.465 11.9497 
301.465 12.6945 
301.465 13.4394 
301.465 14.1842 
301.465 14.929 
301.465 16.2428 
301.465 17.5566 
301.465 18.8705 
301.465 20.1843 
301.465 21.4981 
301.465 22.8119 
301.465 24.1257 
301.465 25.4395 
301.465 26.7534 
301.465 28.0672 
301.465 29.381 
301.465 26.9213 
301.465 24.4615 
301.465 22.0018 
301.465 19.5421 
301.465 17.0824 
301.465 14.6226 
301.465 12.1629 
301.465 9.70318 
301.465 7.24345 
301.465 4.78373 
301.465 2.324 
301.465 2.88018 
301.465 3.43636 
301.465 3.99255 
301.465 4.54873 
301.465 5.10491 
301.465 5.66109 
301.465 6.21727 
301.465 6.77345 
301.465 7.32964 
301.465 7.88582 
301.465 8.442 
301.465 8.66309 
301.465 8.88418 
301.465 9.10527 
301.465 9.32636 
301.465 9.54745 
301.465 9.76855 
301.465 9.98964 
301.465 10.2107 
301.465 10.4318 
301.465 10.6529 
301.465 10.874 
301.465 10.0775 
301.465 9.28091 
301.465 8.48436 
301.465 7.68782 
301.465 6.89127 
301.465 6.09473 
301.465 5.29818 
301.465 4.50164 
301.465 3.70509 
301.465 2.90855 
301.465 2.112 
301.465 2.03509 
301.465 1.95818 
301.465 1.88127 
301.465 1.80436 
301.465 1.72745 
301.465 1.65055 
301.465 1.57364 
301.465 1.49673 
301.465 1.41982 
301.465 1.34291 
301.465 1.266 
301.465 1.20118 
301.465 1.13636 
301.465 1.07155 
301.465 1.00673 
301.465 0.941909 
301.465 0.877091 
301.465 0.812273 
301.465 0.747455 
301.465 0.682636 
301.465 0.617818 

