301.465 12.597 
301.465 12.2751 
301.465 11.9532 
301.465 11.6313 
301.465 11.3094 
301.465 10.9875 
301.465 10.6655 
301.465 10.3436 
301.465 10.0217 
301.465 9.69982 
301.465 9.37791 
301.465 9.056 
301.465 10.8828 
301.465 12.7096 
301.465 14.5365 
301.465 16.3633 
301.465 18.1901 
301.465 20.0169 
301.465 21.8437 
301.465 23.6705 
301.465 25.4974 
301.465 27.3242 
301.465 29.151 
301.465 26.8063 
301.465 24.4615 
301.465 22.1168 
301.465 19.7721 
301.465 17.4274 
301.465 15.0826 
301.465 12.7379 
301.465 10.3932 
301.465 8.04845 
301.465 5.70373 
301.465 3.359 
301.465 3.58055 
301.465 3.80209 
301.465 4.02364 
301.465 4.24518 
301.465 4.46673 
301.465 4.68827 
301.465 4.90982 
301.465 5.13136 
301.465 5.35291 
301.465 5.57445 
301.465 5.796 
301.465 5.928 
301.465 6.06 
301.465 6.192 
301.465 6.324 
301.465 6.456 
301.465 6.588 
301.465 6.72 
301.465 6.852 
301.465 6.984 
301.465 7.116 
301.465 7.248 
301.465 6.75027 
301.465 6.25255 
301.465 5.75482 
301.465 5.25709 
301.465 4.75936 
301.465 4.26164 
301.465 3.76391 
301.465 3.26618 
301.465 2.76845 
301.465 2.27073 
301.465 1.773 
301.465 1.75682 
301.465 1.74064 
301.465 1.72445 
301.465 1.70827 
301.465 1.69209 
301.465 1.67591 
301.465 1.65973 
301.465 1.64355 
301.465 1.62736 
301.465 1.61118 
301.465 1.595 
301.465 1.50218 
301.465 1.40936 
301.465 1.31655 
301.465 1.22373 
301.465 1.13091 
301.465 1.03809 
301.465 0.945273 
301.465 0.852455 
301.465 0.759636 
301.465 0.666818 

