301.465 12.735 
301.465 12.121 
301.465 11.507 
301.465 10.893 
301.465 10.279 
301.465 9.665 
301.465 9.051 
301.465 8.437 
301.465 7.823 
301.465 7.209 
301.465 6.595 
301.465 5.981 
301.465 7.80209 
301.465 9.62318 
301.465 11.4443 
301.465 13.2654 
301.465 15.0865 
301.465 16.9075 
301.465 18.7286 
301.465 20.5497 
301.465 22.3708 
301.465 24.1919 
301.465 26.013 
301.465 24.0045 
301.465 21.9959 
301.465 19.9874 
301.465 17.9788 
301.465 15.9703 
301.465 13.9617 
301.465 11.9532 
301.465 9.94464 
301.465 7.93609 
301.465 5.92755 
301.465 3.919 
301.465 4.17936 
301.465 4.43973 
301.465 4.70009 
301.465 4.96045 
301.465 5.22082 
301.465 5.48118 
301.465 5.74155 
301.465 6.00191 
301.465 6.26227 
301.465 6.52264 
301.465 6.783 
301.465 6.86409 
301.465 6.94518 
301.465 7.02627 
301.465 7.10736 
301.465 7.18845 
301.465 7.26955 
301.465 7.35064 
301.465 7.43173 
301.465 7.51282 
301.465 7.59391 
301.465 7.675 
301.465 7.144 
301.465 6.613 
301.465 6.082 
301.465 5.551 
301.465 5.02 
301.465 4.489 
301.465 3.958 
301.465 3.427 
301.465 2.896 
301.465 2.365 
301.465 1.834 
301.465 1.80436 
301.465 1.77473 
301.465 1.74509 
301.465 1.71545 
301.465 1.68582 
301.465 1.65618 
301.465 1.62655 
301.465 1.59691 
301.465 1.56727 
301.465 1.53764 
301.465 1.508 
301.465 1.43264 
301.465 1.35727 
301.465 1.28191 
301.465 1.20655 
301.465 1.13118 
301.465 1.05582 
301.465 0.980455 
301.465 0.905091 
301.465 0.829727 
301.465 0.754364 

