301.465 14.004 
301.465 13.4064 
301.465 12.8087 
301.465 12.2111 
301.465 11.6135 
301.465 11.0158 
301.465 10.4182 
301.465 9.82055 
301.465 9.22291 
301.465 8.62527 
301.465 8.02764 
301.465 7.43 
301.465 9.14345 
301.465 10.8569 
301.465 12.5704 
301.465 14.2838 
301.465 15.9973 
301.465 17.7107 
301.465 19.4242 
301.465 21.1376 
301.465 22.8511 
301.465 24.5645 
301.465 26.278 
301.465 24.1043 
301.465 21.9305 
301.465 19.7568 
301.465 17.5831 
301.465 15.4094 
301.465 13.2356 
301.465 11.0619 
301.465 8.88818 
301.465 6.71445 
301.465 4.54073 
301.465 2.367 
301.465 2.63718 
301.465 2.90736 
301.465 3.17755 
301.465 3.44773 
301.465 3.71791 
301.465 3.98809 
301.465 4.25827 
301.465 4.52845 
301.465 4.79864 
301.465 5.06882 
301.465 5.339 
301.465 5.57218 
301.465 5.80536 
301.465 6.03855 
301.465 6.27173 
301.465 6.50491 
301.465 6.73809 
301.465 6.97127 
301.465 7.20445 
301.465 7.43764 
301.465 7.67082 
301.465 7.904 
301.465 7.34964 
301.465 6.79527 
301.465 6.24091 
301.465 5.68655 
301.465 5.13218 
301.465 4.57782 
301.465 4.02345 
301.465 3.46909 
301.465 2.91473 
301.465 2.36036 
301.465 1.806 
301.465 1.76673 
301.465 1.72745 
301.465 1.68818 
301.465 1.64891 
301.465 1.60964 
301.465 1.57036 
301.465 1.53109 
301.465 1.49182 
301.465 1.45255 
301.465 1.41327 
301.465 1.374 
301.465 1.30336 
301.465 1.23273 
301.465 1.16209 
301.465 1.09145 
301.465 1.02082 
301.465 0.950182 
301.465 0.879545 
301.465 0.808909 
301.465 0.738273 
301.465 0.667636 

