301.465 11.06 
301.465 11.058 
301.465 11.056 
301.465 11.054 
301.465 11.052 
301.465 11.05 
301.465 11.048 
301.465 11.046 
301.465 11.044 
301.465 11.042 
301.465 11.04 
301.465 11.038 
301.465 12.4756 
301.465 13.9133 
301.465 15.3509 
301.465 16.7885 
301.465 18.2262 
301.465 19.6638 
301.465 21.1015 
301.465 22.5391 
301.465 23.9767 
301.465 25.4144 
301.465 26.852 
301.465 24.8409 
301.465 22.8298 
301.465 20.8187 
301.465 18.8076 
301.465 16.7965 
301.465 14.7855 
301.465 12.7744 
301.465 10.7633 
301.465 8.75218 
301.465 6.74109 
301.465 4.73 
301.465 4.86427 
301.465 4.99855 
301.465 5.13282 
301.465 5.26709 
301.465 5.40136 
301.465 5.53564 
301.465 5.66991 
301.465 5.80418 
301.465 5.93845 
301.465 6.07273 
301.465 6.207 
301.465 6.41245 
301.465 6.61791 
301.465 6.82336 
301.465 7.02882 
301.465 7.23427 
301.465 7.43973 
301.465 7.64518 
301.465 7.85064 
301.465 8.05609 
301.465 8.26155 
301.465 8.467 
301.465 7.86727 
301.465 7.26755 
301.465 6.66782 
301.465 6.06809 
301.465 5.46836 
301.465 4.86864 
301.465 4.26891 
301.465 3.66918 
301.465 3.06945 
301.465 2.46973 
301.465 1.87 
301.465 1.82445 
301.465 1.77891 
301.465 1.73336 
301.465 1.68782 
301.465 1.64227 
301.465 1.59673 
301.465 1.55118 
301.465 1.50564 
301.465 1.46009 
301.465 1.41455 
301.465 1.369 
301.465 1.29382 
301.465 1.21864 
301.465 1.14345 
301.465 1.06827 
301.465 0.993091 
301.465 0.917909 
301.465 0.842727 
301.465 0.767545 
301.465 0.692364 
301.465 0.617182 

