301.465 10.092 
301.465 10.2615 
301.465 10.4309 
301.465 10.6004 
301.465 10.7698 
301.465 10.9393 
301.465 11.1087 
301.465 11.2782 
301.465 11.4476 
301.465 11.6171 
301.465 11.7865 
301.465 11.956 
301.465 13.479 
301.465 15.002 
301.465 16.525 
301.465 18.048 
301.465 19.571 
301.465 21.094 
301.465 22.617 
301.465 24.14 
301.465 25.663 
301.465 27.186 
301.465 28.709 
301.465 26.4856 
301.465 24.2623 
301.465 22.0389 
301.465 19.8155 
301.465 17.5922 
301.465 15.3688 
301.465 13.1455 
301.465 10.9221 
301.465 8.69873 
301.465 6.47536 
301.465 4.252 
301.465 4.40164 
301.465 4.55127 
301.465 4.70091 
301.465 4.85055 
301.465 5.00018 
301.465 5.14982 
301.465 5.29945 
301.465 5.44909 
301.465 5.59873 
301.465 5.74836 
301.465 5.898 
301.465 6.06727 
301.465 6.23655 
301.465 6.40582 
301.465 6.57509 
301.465 6.74436 
301.465 6.91364 
301.465 7.08291 
301.465 7.25218 
301.465 7.42145 
301.465 7.59073 
301.465 7.76 
301.465 7.23227 
301.465 6.70455 
301.465 6.17682 
301.465 5.64909 
301.465 5.12136 
301.465 4.59364 
301.465 4.06591 
301.465 3.53818 
301.465 3.01045 
301.465 2.48273 
301.465 1.955 
301.465 1.91427 
301.465 1.87355 
301.465 1.83282 
301.465 1.79209 
301.465 1.75136 
301.465 1.71064 
301.465 1.66991 
301.465 1.62918 
301.465 1.58845 
301.465 1.54773 
301.465 1.507 
301.465 1.41864 
301.465 1.33027 
301.465 1.24191 
301.465 1.15355 
301.465 1.06518 
301.465 0.976818 
301.465 0.888455 
301.465 0.800091 
301.465 0.711727 
301.465 0.623364 

