301.465 13.795 
301.465 13.5758 
301.465 13.3566 
301.465 13.1375 
301.465 12.9183 
301.465 12.6991 
301.465 12.4799 
301.465 12.2607 
301.465 12.0415 
301.465 11.8224 
301.465 11.6032 
301.465 11.384 
301.465 12.7128 
301.465 14.0416 
301.465 15.3705 
301.465 16.6993 
301.465 18.0281 
301.465 19.3569 
301.465 20.6857 
301.465 22.0145 
301.465 23.3434 
301.465 24.6722 
301.465 26.001 
301.465 23.8965 
301.465 21.7919 
301.465 19.6874 
301.465 17.5828 
301.465 15.4783 
301.465 13.3737 
301.465 11.2692 
301.465 9.16464 
301.465 7.06009 
301.465 4.95555 
301.465 2.851 
301.465 3.11864 
301.465 3.38627 
301.465 3.65391 
301.465 3.92155 
301.465 4.18918 
301.465 4.45682 
301.465 4.72445 
301.465 4.99209 
301.465 5.25973 
301.465 5.52736 
301.465 5.795 
301.465 5.906 
301.465 6.017 
301.465 6.128 
301.465 6.239 
301.465 6.35 
301.465 6.461 
301.465 6.572 
301.465 6.683 
301.465 6.794 
301.465 6.905 
301.465 7.016 
301.465 6.521 
301.465 6.026 
301.465 5.531 
301.465 5.036 
301.465 4.541 
301.465 4.046 
301.465 3.551 
301.465 3.056 
301.465 2.561 
301.465 2.066 
301.465 1.571 
301.465 1.55318 
301.465 1.53536 
301.465 1.51755 
301.465 1.49973 
301.465 1.48191 
301.465 1.46409 
301.465 1.44627 
301.465 1.42845 
301.465 1.41064 
301.465 1.39282 
301.465 1.375 
301.465 1.31064 
301.465 1.24627 
301.465 1.18191 
301.465 1.11755 
301.465 1.05318 
301.465 0.988818 
301.465 0.924455 
301.465 0.860091 
301.465 0.795727 
301.465 0.731364 

