301.465 12.994 
301.465 12.6698 
301.465 12.3456 
301.465 12.0215 
301.465 11.6973 
301.465 11.3731 
301.465 11.0489 
301.465 10.7247 
301.465 10.4005 
301.465 10.0764 
301.465 9.75218 
301.465 9.428 
301.465 10.722 
301.465 12.016 
301.465 13.31 
301.465 14.604 
301.465 15.898 
301.465 17.192 
301.465 18.486 
301.465 19.78 
301.465 21.074 
301.465 22.368 
301.465 23.662 
301.465 21.6871 
301.465 19.7122 
301.465 17.7373 
301.465 15.7624 
301.465 13.7875 
301.465 11.8125 
301.465 9.83764 
301.465 7.86273 
301.465 5.88782 
301.465 3.91291 
301.465 1.938 
301.465 2.21118 
301.465 2.48436 
301.465 2.75755 
301.465 3.03073 
301.465 3.30391 
301.465 3.57709 
301.465 3.85027 
301.465 4.12345 
301.465 4.39664 
301.465 4.66982 
301.465 4.943 
301.465 5.12318 
301.465 5.30336 
301.465 5.48355 
301.465 5.66373 
301.465 5.84391 
301.465 6.02409 
301.465 6.20427 
301.465 6.38445 
301.465 6.56464 
301.465 6.74482 
301.465 6.925 
301.465 6.45009 
301.465 5.97518 
301.465 5.50027 
301.465 5.02536 
301.465 4.55045 
301.465 4.07555 
301.465 3.60064 
301.465 3.12573 
301.465 2.65082 
301.465 2.17591 
301.465 1.701 
301.465 1.721 
301.465 1.741 
301.465 1.761 
301.465 1.781 
301.465 1.801 
301.465 1.821 
301.465 1.841 
301.465 1.861 
301.465 1.881 
301.465 1.901 
301.465 1.921 
301.465 1.80882 
301.465 1.69664 
301.465 1.58445 
301.465 1.47227 
301.465 1.36009 
301.465 1.24791 
301.465 1.13573 
301.465 1.02355 
301.465 0.911364 
301.465 0.799182 

