301.465 9.876 
301.465 9.97369 
301.465 10.0714 
301.465 10.1691 
301.465 10.2668 
301.465 10.3644 
301.465 10.4621 
301.465 10.5598 
301.465 10.6575 
301.465 10.7552 
301.465 10.8529 
301.465 10.9506 
301.465 11.0482 
301.465 11.1459 
301.465 11.2436 
301.465 11.3413 
301.465 11.439 
301.465 11.3579 
301.465 11.2769 
301.465 11.1958 
301.465 11.1148 
301.465 11.0337 
301.465 10.9526 
301.465 10.8716 
301.465 10.7905 
301.465 10.7094 
301.465 10.6284 
301.465 10.5473 
301.465 10.4662 
301.465 10.3852 
301.465 10.3041 
301.465 10.2231 
301.465 10.142 
301.465 10.0822 
301.465 10.0224 
301.465 9.96256 
301.465 9.90275 
301.465 9.84294 
301.465 9.78313 
301.465 9.72331 
301.465 9.6635 
301.465 9.60369 
301.465 9.54387 
301.465 9.48406 
301.465 9.42425 
301.465 9.36444 
301.465 9.30462 
301.465 9.24481 
301.465 9.185 
301.465 9.27706 
301.465 9.36913 
301.465 9.46119 
301.465 9.55325 
301.465 9.64531 
301.465 9.73738 
301.465 9.82944 
301.465 9.9215 
301.465 10.0136 
301.465 10.1056 
301.465 10.1977 
301.465 10.2897 
301.465 10.3818 
301.465 10.4739 
301.465 10.5659 
301.465 10.658 
301.465 10.6207 
301.465 10.5834 
301.465 10.5461 
301.465 10.5087 
301.465 10.4714 
301.465 10.4341 
301.465 10.3968 
301.465 10.3595 
301.465 10.3222 
301.465 10.2849 
301.465 10.2476 
301.465 10.2103 
301.465 10.1729 
301.465 10.1356 
301.465 10.0983 
301.465 10.061 
301.465 10.3041 
301.465 10.5471 
301.465 10.7902 
301.465 11.0332 
301.465 11.2763 
301.465 11.5194 
301.465 11.7624 
301.465 12.0055 
301.465 12.2486 
301.465 12.4916 
301.465 12.7347 
301.465 12.9778 
301.465 13.2208 
301.465 13.4639 
301.465 13.7069 
301.465 13.95 
301.465 13.8822 
301.465 13.8144 
301.465 13.7466 
301.465 13.6787 
301.465 13.6109 
301.465 13.5431 
301.465 13.4753 
301.465 13.4075 
301.465 13.3397 
301.465 13.2719 
301.465 13.2041 
301.465 13.1363 
301.465 13.0684 
301.465 13.0006 
301.465 12.9328 
301.465 12.865 
301.465 12.8853 
301.465 12.9056 
301.465 12.9259 
301.465 12.9462 
301.465 12.9666 
301.465 12.9869 
301.465 13.0072 
301.465 13.0275 
301.465 13.0478 
301.465 13.0681 
301.465 13.0884 
301.465 13.1088 
301.465 13.1291 
301.465 13.1494 
301.465 13.1697 

