301.465 9.51 
301.465 9.68894 
301.465 9.86787 
301.465 10.0468 
301.465 10.2257 
301.465 10.4047 
301.465 10.5836 
301.465 10.7626 
301.465 10.9415 
301.465 11.1204 
301.465 11.2994 
301.465 11.4783 
301.465 11.6572 
301.465 11.8362 
301.465 12.0151 
301.465 12.1941 
301.465 12.373 
301.465 12.2406 
301.465 12.1082 
301.465 11.9759 
301.465 11.8435 
301.465 11.7111 
301.465 11.5787 
301.465 11.4464 
301.465 11.314 
301.465 11.1816 
301.465 11.0493 
301.465 10.9169 
301.465 10.7845 
301.465 10.6521 
301.465 10.5198 
301.465 10.3874 
301.465 10.255 
301.465 10.2319 
301.465 10.2088 
301.465 10.1856 
301.465 10.1625 
301.465 10.1394 
301.465 10.1163 
301.465 10.0931 
301.465 10.07 
301.465 10.0469 
301.465 10.0237 
301.465 10.0006 
301.465 9.9775 
301.465 9.95438 
301.465 9.93125 
301.465 9.90813 
301.465 9.885 
301.465 9.90719 
301.465 9.92938 
301.465 9.95156 
301.465 9.97375 
301.465 9.99594 
301.465 10.0181 
301.465 10.0403 
301.465 10.0625 
301.465 10.0847 
301.465 10.1069 
301.465 10.1291 
301.465 10.1513 
301.465 10.1734 
301.465 10.1956 
301.465 10.2178 
301.465 10.24 
301.465 10.2387 
301.465 10.2375 
301.465 10.2363 
301.465 10.235 
301.465 10.2338 
301.465 10.2325 
301.465 10.2313 
301.465 10.23 
301.465 10.2287 
301.465 10.2275 
301.465 10.2263 
301.465 10.225 
301.465 10.2238 
301.465 10.2225 
301.465 10.2213 
301.465 10.22 
301.465 10.3856 
301.465 10.5512 
301.465 10.7169 
301.465 10.8825 
301.465 11.0481 
301.465 11.2138 
301.465 11.3794 
301.465 11.545 
301.465 11.7106 
301.465 11.8762 
301.465 12.0419 
301.465 12.2075 
301.465 12.3731 
301.465 12.5388 
301.465 12.7044 
301.465 12.87 
301.465 12.9357 
301.465 13.0014 
301.465 13.0671 
301.465 13.1327 
301.465 13.1984 
301.465 13.2641 
301.465 13.3298 
301.465 13.3955 
301.465 13.4612 
301.465 13.5269 
301.465 13.5926 
301.465 13.6582 
301.465 13.7239 
301.465 13.7896 
301.465 13.8553 
301.465 13.921 
301.465 13.7844 
301.465 13.6477 
301.465 13.5111 
301.465 13.3745 
301.465 13.2379 
301.465 13.1013 
301.465 12.9646 
301.465 12.828 
301.465 12.6914 
301.465 12.5547 
301.465 12.4181 
301.465 12.2815 
301.465 12.1449 
301.465 12.0083 
301.465 11.8716 

