301.465 10.495 
301.465 10.5557 
301.465 10.6164 
301.465 10.6771 
301.465 10.7377 
301.465 10.7984 
301.465 10.8591 
301.465 10.9198 
301.465 10.9805 
301.465 11.0412 
301.465 11.1019 
301.465 11.1626 
301.465 11.2233 
301.465 11.2839 
301.465 11.3446 
301.465 11.4053 
301.465 11.466 
301.465 11.3183 
301.465 11.1706 
301.465 11.0229 
301.465 10.8752 
301.465 10.7276 
301.465 10.5799 
301.465 10.4322 
301.465 10.2845 
301.465 10.1368 
301.465 9.98912 
301.465 9.84144 
301.465 9.69375 
301.465 9.54606 
301.465 9.39837 
301.465 9.25069 
301.465 9.103 
301.465 9.19219 
301.465 9.28138 
301.465 9.37056 
301.465 9.45975 
301.465 9.54894 
301.465 9.63812 
301.465 9.72731 
301.465 9.8165 
301.465 9.90569 
301.465 9.99488 
301.465 10.0841 
301.465 10.1732 
301.465 10.2624 
301.465 10.3516 
301.465 10.4408 
301.465 10.53 
301.465 10.519 
301.465 10.508 
301.465 10.497 
301.465 10.486 
301.465 10.475 
301.465 10.464 
301.465 10.453 
301.465 10.442 
301.465 10.431 
301.465 10.42 
301.465 10.409 
301.465 10.398 
301.465 10.387 
301.465 10.376 
301.465 10.365 
301.465 10.354 
301.465 10.3785 
301.465 10.403 
301.465 10.4275 
301.465 10.452 
301.465 10.4765 
301.465 10.501 
301.465 10.5255 
301.465 10.55 
301.465 10.5745 
301.465 10.599 
301.465 10.6235 
301.465 10.648 
301.465 10.6725 
301.465 10.697 
301.465 10.7215 
301.465 10.746 
301.465 10.8556 
301.465 10.9653 
301.465 11.0749 
301.465 11.1845 
301.465 11.2941 
301.465 11.4038 
301.465 11.5134 
301.465 11.623 
301.465 11.7326 
301.465 11.8422 
301.465 11.9519 
301.465 12.0615 
301.465 12.1711 
301.465 12.2807 
301.465 12.3904 
301.465 12.5 
301.465 12.6128 
301.465 12.7256 
301.465 12.8384 
301.465 12.9512 
301.465 13.0641 
301.465 13.1769 
301.465 13.2897 
301.465 13.4025 
301.465 13.5153 
301.465 13.6281 
301.465 13.7409 
301.465 13.8537 
301.465 13.9666 
301.465 14.0794 
301.465 14.1922 
301.465 14.305 
301.465 14.1794 
301.465 14.0537 
301.465 13.9281 
301.465 13.8025 
301.465 13.6769 
301.465 13.5512 
301.465 13.4256 
301.465 13.3 
301.465 13.1744 
301.465 13.0488 
301.465 12.9231 
301.465 12.7975 
301.465 12.6719 
301.465 12.5463 
301.465 12.4206 

