301.465 10.0325 
301.465 10.0343 
301.465 10.036 
301.465 10.0378 
301.465 10.0396 
301.465 10.0414 
301.465 10.0432 
301.465 10.045 
301.465 10.0468 
301.465 10.0486 
301.465 10.0504 
301.465 10.0521 
301.465 10.0539 
301.465 10.0557 
301.465 10.0575 
301.465 10.0593 
301.465 10.0611 
301.465 10.0629 
301.465 10.0647 
301.465 10.0665 
301.465 10.0683 
301.465 10.07 
301.465 10.0718 
301.465 10.0736 
301.465 10.0754 
301.465 10.0772 
301.465 10.079 
301.465 10.0808 
301.465 10.0826 
301.465 10.0844 
301.465 10.0861 
301.465 10.0879 
301.465 10.0897 
301.465 10.0915 
301.465 10.0933 
301.465 10.0951 
301.465 10.0969 
301.465 10.0987 
301.465 10.1005 
301.465 10.1023 
301.465 10.104 
301.465 10.1058 
301.465 10.1076 
301.465 10.1094 
301.465 10.1112 
301.465 10.113 
301.465 10.1148 
301.465 10.1166 
301.465 10.1184 
301.465 10.1201 
301.465 10.1219 
301.465 10.1237 
301.465 10.1255 
301.465 10.1273 
301.465 10.1291 
301.465 10.1309 
301.465 10.1327 
301.465 10.1345 
301.465 10.1362 
301.465 10.138 
301.465 10.1398 
301.465 10.1416 
301.465 10.1434 
301.465 10.1452 
301.465 10.147 
301.465 10.1488 
301.465 10.1506 
301.465 10.1524 
301.465 10.1541 
301.465 10.1559 
301.465 10.1577 
301.465 10.1595 
301.465 10.1613 
301.465 10.1631 
301.465 10.1649 
301.465 10.1667 
301.465 10.1685 
301.465 10.1702 
301.465 10.172 
301.465 10.1738 
301.465 10.1756 
301.465 10.1774 
301.465 10.1792 
301.465 10.181 
301.465 10.1828 
301.465 10.1846 
301.465 10.1864 
301.465 10.1881 
301.465 10.1899 
301.465 10.1917 
301.465 10.1935 
301.465 10.1953 
301.465 10.1971 
301.465 10.1989 
301.465 10.2007 
301.465 10.2025 
301.465 10.2042 
301.465 10.206 
301.465 10.2078 
301.465 10.2096 
301.465 10.2114 
301.465 10.2132 
301.465 10.215 
301.465 10.2168 
301.465 10.2186 
301.465 10.2204 
301.465 10.2221 
301.465 10.2239 
301.465 10.2257 
301.465 10.2275 
301.465 10.2293 
301.465 10.2311 
301.465 10.2329 
301.465 10.2347 
301.465 10.2365 
301.465 10.2382 
301.465 10.24 
301.465 10.2418 
301.465 10.2436 
301.465 10.2454 
301.465 10.2472 
301.465 10.249 
301.465 10.2508 
301.465 10.2526 
301.465 10.2543 
301.465 10.2561 
301.465 10.2579 
301.465 10.2597 

