301.465 6.989 
301.465 7.31356 
301.465 7.63812 
301.465 7.96269 
301.465 8.28725 
301.465 8.61181 
301.465 8.93637 
301.465 9.26094 
301.465 9.5855 
301.465 9.91006 
301.465 10.2346 
301.465 10.5592 
301.465 10.8837 
301.465 11.2083 
301.465 11.5329 
301.465 11.8574 
301.465 12.438 
301.465 12.3828 
301.465 12.3276 
301.465 12.2724 
301.465 12.2172 
301.465 12.1621 
301.465 12.1069 
301.465 12.0517 
301.465 11.9965 
301.465 11.9413 
301.465 11.8861 
301.465 11.8309 
301.465 11.7758 
301.465 11.7206 
301.465 11.6654 
301.465 11.6102 
301.465 28.559 
301.465 28.3723 
301.465 28.1856 
301.465 27.9989 
301.465 27.8123 
301.465 27.6256 
301.465 27.4389 
301.465 27.2522 
301.465 27.0655 
301.465 26.8788 
301.465 26.6921 
301.465 26.5054 
301.465 26.3188 
301.465 26.1321 
301.465 25.9454 
301.465 25.7587 
301.465 2.241 
301.465 2.21037 
301.465 2.17975 
301.465 2.14913 
301.465 2.1185 
301.465 2.08787 
301.465 2.05725 
301.465 2.02663 
301.465 1.996 
301.465 1.96537 
301.465 1.93475 
301.465 1.90413 
301.465 1.8735 
301.465 1.84287 
301.465 1.81225 
301.465 1.78163 
301.465 6.722 
301.465 6.67538 
301.465 6.62875 
301.465 6.58213 
301.465 6.5355 
301.465 6.48888 
301.465 6.44225 
301.465 6.39562 
301.465 6.349 
301.465 6.30238 
301.465 6.25575 
301.465 6.20913 
301.465 6.1625 
301.465 6.11587 
301.465 6.06925 
301.465 6.02262 
301.465 13.316 
301.465 13.5274 
301.465 13.7388 
301.465 13.9501 
301.465 14.1615 
301.465 14.3729 
301.465 14.5843 
301.465 14.7956 
301.465 15.007 
301.465 15.2184 
301.465 15.4298 
301.465 15.6411 
301.465 15.8525 
301.465 16.0639 
301.465 16.2752 
301.465 16.4866 
301.465 2.152 
301.465 1.957 
301.465 1.762 
301.465 1.567 
301.465 1.372 
301.465 1.177 
301.465 0.982 
301.465 0.787 
301.465 0.592 
301.465 0.397 
301.465 0.202 
301.465 0.007 
301.465 -0.188 
301.465 -0.383 
301.465 -0.578 
301.465 -0.773 
301.465 1.034 
301.465 1.03463 
301.465 1.03525 
301.465 1.03587 
301.465 1.0365 
301.465 1.03713 
301.465 1.03775 
301.465 1.03837 
301.465 1.039 
301.465 1.03963 
301.465 1.04025 
301.465 1.04087 
301.465 1.0415 
301.465 1.04212 
301.465 1.04275 
301.465 1.04337 

