301.465 12.597 
301.465 12.72 
301.465 12.843 
301.465 12.966 
301.465 13.089 
301.465 13.212 
301.465 13.335 
301.465 13.458 
301.465 13.581 
301.465 13.704 
301.465 13.827 
301.465 13.95 
301.465 14.073 
301.465 14.196 
301.465 14.319 
301.465 14.442 
301.465 9.056 
301.465 8.93956 
301.465 8.82312 
301.465 8.70669 
301.465 8.59025 
301.465 8.47381 
301.465 8.35737 
301.465 8.24094 
301.465 8.1245 
301.465 8.00806 
301.465 7.89162 
301.465 7.77519 
301.465 7.65875 
301.465 7.54231 
301.465 7.42587 
301.465 7.30944 
301.465 29.151 
301.465 29.1609 
301.465 29.1709 
301.465 29.1808 
301.465 29.1908 
301.465 29.2007 
301.465 29.2106 
301.465 29.2206 
301.465 29.2305 
301.465 29.2404 
301.465 29.2504 
301.465 29.2603 
301.465 29.2703 
301.465 29.2802 
301.465 29.2901 
301.465 29.3001 
301.465 3.359 
301.465 3.40606 
301.465 3.45312 
301.465 3.50019 
301.465 3.54725 
301.465 3.59431 
301.465 3.64138 
301.465 3.68844 
301.465 3.7355 
301.465 3.78256 
301.465 3.82963 
301.465 3.87669 
301.465 3.92375 
301.465 3.97081 
301.465 4.01788 
301.465 4.06494 
301.465 5.796 
301.465 5.65144 
301.465 5.50687 
301.465 5.36231 
301.465 5.21775 
301.465 5.07319 
301.465 4.92863 
301.465 4.78406 
301.465 4.6395 
301.465 4.49494 
301.465 4.35037 
301.465 4.20581 
301.465 4.06125 
301.465 3.91669 
301.465 3.77212 
301.465 3.62756 
301.465 7.248 
301.465 7.57375 
301.465 7.8995 
301.465 8.22525 
301.465 8.551 
301.465 8.87675 
301.465 9.2025 
301.465 9.52825 
301.465 9.854 
301.465 10.1798 
301.465 10.5055 
301.465 10.8313 
301.465 11.157 
301.465 11.4827 
301.465 11.8085 
301.465 12.1342 
301.465 1.773 
301.465 1.70831 
301.465 1.64362 
301.465 1.57894 
301.465 1.51425 
301.465 1.44956 
301.465 1.38487 
301.465 1.32019 
301.465 1.2555 
301.465 1.19081 
301.465 1.12612 
301.465 1.06144 
301.465 0.99675 
301.465 0.932062 
301.465 0.867375 
301.465 0.802687 
301.465 1.595 
301.465 1.46225 
301.465 1.3295 
301.465 1.19675 
301.465 1.064 
301.465 0.93125 
301.465 0.7985 
301.465 0.66575 
301.465 0.533 
301.465 0.40025 
301.465 0.2675 
301.465 0.13475 
301.465 0.002 
301.465 -0.13075 
301.465 -0.2635 
301.465 -0.39625 

