301.465 10.391 
301.465 10.4456 
301.465 10.5001 
301.465 10.5547 
301.465 10.6092 
301.465 10.6638 
301.465 10.7184 
301.465 10.7729 
301.465 10.8275 
301.465 10.8821 
301.465 10.9366 
301.465 10.9912 
301.465 11.0457 
301.465 11.1003 
301.465 11.1549 
301.465 11.2094 
301.465 11.264 
301.465 11.2309 
301.465 11.1979 
301.465 11.1648 
301.465 11.1318 
301.465 11.0987 
301.465 11.0656 
301.465 11.0326 
301.465 10.9995 
301.465 10.9664 
301.465 10.9334 
301.465 10.9003 
301.465 10.8672 
301.465 10.8342 
301.465 10.8011 
301.465 10.7681 
301.465 10.735 
301.465 10.693 
301.465 10.651 
301.465 10.609 
301.465 10.567 
301.465 10.525 
301.465 10.483 
301.465 10.441 
301.465 10.399 
301.465 10.357 
301.465 10.315 
301.465 10.273 
301.465 10.231 
301.465 10.189 
301.465 10.147 
301.465 10.105 
301.465 10.063 
301.465 10.0708 
301.465 10.0785 
301.465 10.0862 
301.465 10.094 
301.465 10.1018 
301.465 10.1095 
301.465 10.1173 
301.465 10.125 
301.465 10.1327 
301.465 10.1405 
301.465 10.1482 
301.465 10.156 
301.465 10.1638 
301.465 10.1715 
301.465 10.1792 
301.465 10.187 
301.465 10.1202 
301.465 10.0535 
301.465 9.98675 
301.465 9.92 
301.465 9.85325 
301.465 9.7865 
301.465 9.71975 
301.465 9.653 
301.465 9.58625 
301.465 9.5195 
301.465 9.45275 
301.465 9.386 
301.465 9.31925 
301.465 9.2525 
301.465 9.18575 
301.465 9.119 
301.465 9.36906 
301.465 9.61913 
301.465 9.86919 
301.465 10.1192 
301.465 10.3693 
301.465 10.6194 
301.465 10.8694 
301.465 11.1195 
301.465 11.3696 
301.465 11.6196 
301.465 11.8697 
301.465 12.1197 
301.465 12.3698 
301.465 12.6199 
301.465 12.8699 
301.465 13.12 
301.465 13.1324 
301.465 13.1449 
301.465 13.1573 
301.465 13.1698 
301.465 13.1822 
301.465 13.1946 
301.465 13.2071 
301.465 13.2195 
301.465 13.2319 
301.465 13.2444 
301.465 13.2568 
301.465 13.2692 
301.465 13.2817 
301.465 13.2941 
301.465 13.3066 
301.465 13.319 
301.465 13.1114 
301.465 12.9038 
301.465 12.6961 
301.465 12.4885 
301.465 12.2809 
301.465 12.0732 
301.465 11.8656 
301.465 11.658 
301.465 11.4504 
301.465 11.2428 
301.465 11.0351 
301.465 10.8275 
301.465 10.6199 
301.465 10.4123 
301.465 10.2046 

