301.465 10.496 
301.465 10.5544 
301.465 10.6129 
301.465 10.6713 
301.465 10.7297 
301.465 10.7882 
301.465 10.8466 
301.465 10.9051 
301.465 10.9635 
301.465 11.0219 
301.465 11.0804 
301.465 11.1388 
301.465 11.1973 
301.465 11.2557 
301.465 11.3141 
301.465 11.3726 
301.465 11.431 
301.465 11.3677 
301.465 11.3044 
301.465 11.2411 
301.465 11.1777 
301.465 11.1144 
301.465 11.0511 
301.465 10.9878 
301.465 10.9245 
301.465 10.8612 
301.465 10.7979 
301.465 10.7346 
301.465 10.6712 
301.465 10.6079 
301.465 10.5446 
301.465 10.4813 
301.465 10.418 
301.465 10.4086 
301.465 10.3992 
301.465 10.3899 
301.465 10.3805 
301.465 10.3711 
301.465 10.3618 
301.465 10.3524 
301.465 10.343 
301.465 10.3336 
301.465 10.3242 
301.465 10.3149 
301.465 10.3055 
301.465 10.2961 
301.465 10.2868 
301.465 10.2774 
301.465 10.268 
301.465 10.2083 
301.465 10.1486 
301.465 10.0889 
301.465 10.0293 
301.465 9.96956 
301.465 9.90988 
301.465 9.85019 
301.465 9.7905 
301.465 9.73081 
301.465 9.67112 
301.465 9.61144 
301.465 9.55175 
301.465 9.49206 
301.465 9.43238 
301.465 9.37269 
301.465 9.313 
301.465 9.27825 
301.465 9.2435 
301.465 9.20875 
301.465 9.174 
301.465 9.13925 
301.465 9.1045 
301.465 9.06975 
301.465 9.035 
301.465 9.00025 
301.465 8.9655 
301.465 8.93075 
301.465 8.896 
301.465 8.86125 
301.465 8.8265 
301.465 8.79175 
301.465 8.757 
301.465 9.07919 
301.465 9.40137 
301.465 9.72356 
301.465 10.0457 
301.465 10.3679 
301.465 10.6901 
301.465 11.0123 
301.465 11.3345 
301.465 11.6567 
301.465 11.9789 
301.465 12.3011 
301.465 12.6233 
301.465 12.9454 
301.465 13.2676 
301.465 13.5898 
301.465 13.912 
301.465 13.9093 
301.465 13.9065 
301.465 13.9038 
301.465 13.901 
301.465 13.8983 
301.465 13.8955 
301.465 13.8928 
301.465 13.89 
301.465 13.8872 
301.465 13.8845 
301.465 13.8818 
301.465 13.879 
301.465 13.8763 
301.465 13.8735 
301.465 13.8708 
301.465 13.868 
301.465 13.6831 
301.465 13.4981 
301.465 13.3132 
301.465 13.1283 
301.465 12.9433 
301.465 12.7584 
301.465 12.5734 
301.465 12.3885 
301.465 12.2036 
301.465 12.0186 
301.465 11.8337 
301.465 11.6487 
301.465 11.4638 
301.465 11.2789 
301.465 11.0939 

