301.465 11.061 
301.465 11.0849 
301.465 11.1088 
301.465 11.1326 
301.465 11.1565 
301.465 11.1804 
301.465 11.2043 
301.465 11.2281 
301.465 11.252 
301.465 11.2759 
301.465 11.2997 
301.465 11.3236 
301.465 11.3475 
301.465 11.3714 
301.465 11.3952 
301.465 11.4191 
301.465 11.443 
301.465 11.3785 
301.465 11.314 
301.465 11.2495 
301.465 11.185 
301.465 11.1205 
301.465 11.056 
301.465 10.9915 
301.465 10.927 
301.465 10.8625 
301.465 10.798 
301.465 10.7335 
301.465 10.669 
301.465 10.6045 
301.465 10.54 
301.465 10.4755 
301.465 10.411 
301.465 10.4554 
301.465 10.4997 
301.465 10.5441 
301.465 10.5885 
301.465 10.6329 
301.465 10.6773 
301.465 10.7216 
301.465 10.766 
301.465 10.8104 
301.465 10.8547 
301.465 10.8991 
301.465 10.9435 
301.465 10.9879 
301.465 11.0323 
301.465 11.0766 
301.465 11.121 
301.465 11.0686 
301.465 11.0162 
301.465 10.9639 
301.465 10.9115 
301.465 10.8591 
301.465 10.8068 
301.465 10.7544 
301.465 10.702 
301.465 10.6496 
301.465 10.5972 
301.465 10.5449 
301.465 10.4925 
301.465 10.4401 
301.465 10.3878 
301.465 10.3354 
301.465 10.283 
301.465 10.3064 
301.465 10.3297 
301.465 10.3531 
301.465 10.3765 
301.465 10.3999 
301.465 10.4232 
301.465 10.4466 
301.465 10.47 
301.465 10.4934 
301.465 10.5168 
301.465 10.5401 
301.465 10.5635 
301.465 10.5869 
301.465 10.6103 
301.465 10.6336 
301.465 10.657 
301.465 10.8193 
301.465 10.9816 
301.465 11.1439 
301.465 11.3063 
301.465 11.4686 
301.465 11.6309 
301.465 11.7932 
301.465 11.9555 
301.465 12.1178 
301.465 12.2801 
301.465 12.4424 
301.465 12.6047 
301.465 12.7671 
301.465 12.9294 
301.465 13.0917 
301.465 13.254 
301.465 13.3042 
301.465 13.3544 
301.465 13.4046 
301.465 13.4548 
301.465 13.5049 
301.465 13.5551 
301.465 13.6053 
301.465 13.6555 
301.465 13.7057 
301.465 13.7559 
301.465 13.8061 
301.465 13.8562 
301.465 13.9064 
301.465 13.9566 
301.465 14.0068 
301.465 14.057 
301.465 14.0553 
301.465 14.0535 
301.465 14.0518 
301.465 14.05 
301.465 14.0482 
301.465 14.0465 
301.465 14.0448 
301.465 14.043 
301.465 14.0412 
301.465 14.0395 
301.465 14.0378 
301.465 14.036 
301.465 14.0343 
301.465 14.0325 
301.465 14.0307 

