129.199 16.136 
129.199 16.0877 
129.199 16.0395 
129.199 15.9912 
129.199 15.9429 
129.199 15.8946 
129.199 15.8464 
129.199 15.7981 
129.199 15.7498 
129.199 15.7015 
129.199 15.6533 
129.199 15.605 
129.199 15.1828 
129.199 14.7606 
129.199 14.3385 
129.199 13.9163 
129.199 13.4941 
129.199 13.0719 
129.199 12.6497 
129.199 12.2275 
129.199 11.8054 
129.199 11.3832 
129.199 10.961 
129.199 10.1673 
129.199 9.37355 
129.199 8.57982 
129.199 7.78609 
129.199 6.99236 
129.199 6.19864 
129.199 5.40491 
129.199 4.61118 
129.199 3.81745 
129.199 3.02373 
129.199 2.23 
129.199 2.07855 
129.199 1.92709 
129.199 1.77564 
129.199 1.62418 
129.199 1.47273 
129.199 1.32127 
129.199 1.16982 
129.199 1.01836 
129.199 0.866909 
129.199 0.715455 
129.199 0.564 
129.199 0.691 
129.199 0.818 
129.199 0.945 
129.199 1.072 
129.199 1.199 
129.199 1.326 
129.199 1.453 
129.199 1.58 
129.199 1.707 
129.199 1.834 
129.199 1.961 
129.199 1.879 
129.199 1.797 
129.199 1.715 
129.199 1.633 
129.199 1.551 
129.199 1.469 
129.199 1.387 
129.199 1.305 
129.199 1.223 
129.199 1.141 
129.199 1.059 
129.199 1.05282 
129.199 1.04664 
129.199 1.04045 
129.199 1.03427 
129.199 1.02809 
129.199 1.02191 
129.199 1.01573 
129.199 1.00955 
129.199 1.00336 
129.199 0.997182 
129.199 0.991 
129.199 0.946455 
129.199 0.901909 
129.199 0.857364 
129.199 0.812818 
129.199 0.768273 
129.199 0.723727 
129.199 0.679182 
129.199 0.634636 
129.199 0.590091 
129.199 0.545545 

