129.199 16.786 
129.199 16.6635 
129.199 16.5411 
129.199 16.4186 
129.199 16.2962 
129.199 16.1737 
129.199 16.0513 
129.199 15.9288 
129.199 15.8064 
129.199 15.6839 
129.199 15.5615 
129.199 15.439 
129.199 15.0301 
129.199 14.6212 
129.199 14.2123 
129.199 13.8034 
129.199 13.3945 
129.199 12.9855 
129.199 12.5766 
129.199 12.1677 
129.199 11.7588 
129.199 11.3499 
129.199 10.941 
129.199 10.1873 
129.199 9.43355 
129.199 8.67982 
129.199 7.92609 
129.199 7.17236 
129.199 6.41864 
129.199 5.66491 
129.199 4.91118 
129.199 4.15745 
129.199 3.40373 
129.199 2.65 
129.199 2.44536 
129.199 2.24073 
129.199 2.03609 
129.199 1.83145 
129.199 1.62682 
129.199 1.42218 
129.199 1.21755 
129.199 1.01291 
129.199 0.808273 
129.199 0.603636 
129.199 0.399 
129.199 0.426545 
129.199 0.454091 
129.199 0.481636 
129.199 0.509182 
129.199 0.536727 
129.199 0.564273 
129.199 0.591818 
129.199 0.619364 
129.199 0.646909 
129.199 0.674455 
129.199 0.702 
129.199 0.725545 
129.199 0.749091 
129.199 0.772636 
129.199 0.796182 
129.199 0.819727 
129.199 0.843273 
129.199 0.866818 
129.199 0.890364 
129.199 0.913909 
129.199 0.937455 
129.199 0.961 
129.199 0.978545 
129.199 0.996091 
129.199 1.01364 
129.199 1.03118 
129.199 1.04873 
129.199 1.06627 
129.199 1.08382 
129.199 1.10136 
129.199 1.11891 
129.199 1.13645 
129.199 1.154 
129.199 1.12382 
129.199 1.09364 
129.199 1.06345 
129.199 1.03327 
129.199 1.00309 
129.199 0.972909 
129.199 0.942727 
129.199 0.912545 
129.199 0.882364 
129.199 0.852182 

