129.199 17.772 
129.199 17.5667 
129.199 17.3615 
129.199 17.1562 
129.199 16.9509 
129.199 16.7456 
129.199 16.5404 
129.199 16.3351 
129.199 16.1298 
129.199 15.9245 
129.199 15.7193 
129.199 15.514 
129.199 14.6839 
129.199 13.8538 
129.199 13.0237 
129.199 12.1936 
129.199 11.3635 
129.199 10.5335 
129.199 9.70336 
129.199 8.87327 
129.199 8.04318 
129.199 7.21309 
129.199 6.383 
129.199 5.88745 
129.199 5.39191 
129.199 4.89636 
129.199 4.40082 
129.199 3.90527 
129.199 3.40973 
129.199 2.91418 
129.199 2.41864 
129.199 1.92309 
129.199 1.42755 
129.199 0.932 
129.199 1.00609 
129.199 1.08018 
129.199 1.15427 
129.199 1.22836 
129.199 1.30245 
129.199 1.37655 
129.199 1.45064 
129.199 1.52473 
129.199 1.59882 
129.199 1.67291 
129.199 1.747 
129.199 1.69427 
129.199 1.64155 
129.199 1.58882 
129.199 1.53609 
129.199 1.48336 
129.199 1.43064 
129.199 1.37791 
129.199 1.32518 
129.199 1.27245 
129.199 1.21973 
129.199 1.167 
129.199 1.185 
129.199 1.203 
129.199 1.221 
129.199 1.239 
129.199 1.257 
129.199 1.275 
129.199 1.293 
129.199 1.311 
129.199 1.329 
129.199 1.347 
129.199 1.365 
129.199 1.32455 
129.199 1.28409 
129.199 1.24364 
129.199 1.20318 
129.199 1.16273 
129.199 1.12227 
129.199 1.08182 
129.199 1.04136 
129.199 1.00091 
129.199 0.960455 
129.199 0.92 
129.199 0.890364 
129.199 0.860727 
129.199 0.831091 
129.199 0.801455 
129.199 0.771818 
129.199 0.742182 
129.199 0.712545 
129.199 0.682909 
129.199 0.653273 
129.199 0.623636 

