129.199 14.805 
129.199 14.8214 
129.199 14.8377 
129.199 14.8541 
129.199 14.8705 
129.199 14.8868 
129.199 14.9032 
129.199 14.9195 
129.199 14.9359 
129.199 14.9523 
129.199 14.9686 
129.199 14.985 
129.199 14.5045 
129.199 14.0239 
129.199 13.5434 
129.199 13.0628 
129.199 12.5823 
129.199 12.1017 
129.199 11.6212 
129.199 11.1406 
129.199 10.6601 
129.199 10.1795 
129.199 9.699 
129.199 8.98318 
129.199 8.26736 
129.199 7.55155 
129.199 6.83573 
129.199 6.11991 
129.199 5.40409 
129.199 4.68827 
129.199 3.97245 
129.199 3.25664 
129.199 2.54082 
129.199 1.825 
129.199 1.87227 
129.199 1.91955 
129.199 1.96682 
129.199 2.01409 
129.199 2.06136 
129.199 2.10864 
129.199 2.15591 
129.199 2.20318 
129.199 2.25045 
129.199 2.29773 
129.199 2.345 
129.199 2.18845 
129.199 2.03191 
129.199 1.87536 
129.199 1.71882 
129.199 1.56227 
129.199 1.40573 
129.199 1.24918 
129.199 1.09264 
129.199 0.936091 
129.199 0.779545 
129.199 0.623 
129.199 0.659273 
129.199 0.695545 
129.199 0.731818 
129.199 0.768091 
129.199 0.804364 
129.199 0.840636 
129.199 0.876909 
129.199 0.913182 
129.199 0.949455 
129.199 0.985727 
129.199 1.022 
129.199 1.06555 
129.199 1.10909 
129.199 1.15264 
129.199 1.19618 
129.199 1.23973 
129.199 1.28327 
129.199 1.32682 
129.199 1.37036 
129.199 1.41391 
129.199 1.45745 
129.199 1.501 
129.199 1.43627 
129.199 1.37155 
129.199 1.30682 
129.199 1.24209 
129.199 1.17736 
129.199 1.11264 
129.199 1.04791 
129.199 0.983182 
129.199 0.918455 
129.199 0.853727 

