129.199 15.759 
129.199 15.3673 
129.199 14.9755 
129.199 14.5838 
129.199 14.1921 
129.199 13.8004 
129.199 13.4086 
129.199 13.0169 
129.199 12.6252 
129.199 12.2335 
129.199 11.8417 
129.199 11.45 
129.199 11.4821 
129.199 11.5142 
129.199 11.5463 
129.199 11.5784 
129.199 11.6105 
129.199 11.6425 
129.199 11.6746 
129.199 11.7067 
129.199 11.7388 
129.199 11.7709 
129.199 11.803 
129.199 10.7924 
129.199 9.78173 
129.199 8.77109 
129.199 7.76045 
129.199 6.74982 
129.199 5.73918 
129.199 4.72855 
129.199 3.71791 
129.199 2.70727 
129.199 1.69664 
129.199 0.686 
129.199 0.691455 
129.199 0.696909 
129.199 0.702364 
129.199 0.707818 
129.199 0.713273 
129.199 0.718727 
129.199 0.724182 
129.199 0.729636 
129.199 0.735091 
129.199 0.740545 
129.199 0.746 
129.199 0.729727 
129.199 0.713455 
129.199 0.697182 
129.199 0.680909 
129.199 0.664636 
129.199 0.648364 
129.199 0.632091 
129.199 0.615818 
129.199 0.599545 
129.199 0.583273 
129.199 0.567 
129.199 0.599364 
129.199 0.631727 
129.199 0.664091 
129.199 0.696455 
129.199 0.728818 
129.199 0.761182 
129.199 0.793545 
129.199 0.825909 
129.199 0.858273 
129.199 0.890636 
129.199 0.923 
129.199 0.920182 
129.199 0.917364 
129.199 0.914545 
129.199 0.911727 
129.199 0.908909 
129.199 0.906091 
129.199 0.903273 
129.199 0.900455 
129.199 0.897636 
129.199 0.894818 
129.199 0.892 
129.199 0.859091 
129.199 0.826182 
129.199 0.793273 
129.199 0.760364 
129.199 0.727455 
129.199 0.694545 
129.199 0.661636 
129.199 0.628727 
129.199 0.595818 
129.199 0.562909 

