129.199 16.412 
129.199 16.1371 
129.199 15.8622 
129.199 15.5873 
129.199 15.3124 
129.199 15.0375 
129.199 14.7625 
129.199 14.4876 
129.199 14.2127 
129.199 13.9378 
129.199 13.6629 
129.199 13.388 
129.199 13.3758 
129.199 13.3636 
129.199 13.3515 
129.199 13.3393 
129.199 13.3271 
129.199 13.3149 
129.199 13.3027 
129.199 13.2905 
129.199 13.2784 
129.199 13.2662 
129.199 13.254 
129.199 12.2762 
129.199 11.2984 
129.199 10.3205 
129.199 9.34273 
129.199 8.36491 
129.199 7.38709 
129.199 6.40927 
129.199 5.43145 
129.199 4.45364 
129.199 3.47582 
129.199 2.498 
129.199 2.34655 
129.199 2.19509 
129.199 2.04364 
129.199 1.89218 
129.199 1.74073 
129.199 1.58927 
129.199 1.43782 
129.199 1.28636 
129.199 1.13491 
129.199 0.983455 
129.199 0.832 
129.199 0.846091 
129.199 0.860182 
129.199 0.874273 
129.199 0.888364 
129.199 0.902455 
129.199 0.916545 
129.199 0.930636 
129.199 0.944727 
129.199 0.958818 
129.199 0.972909 
129.199 0.987 
129.199 0.98 
129.199 0.973 
129.199 0.966 
129.199 0.959 
129.199 0.952 
129.199 0.945 
129.199 0.938 
129.199 0.931 
129.199 0.924 
129.199 0.917 
129.199 0.91 
129.199 0.927909 
129.199 0.945818 
129.199 0.963727 
129.199 0.981636 
129.199 0.999545 
129.199 1.01745 
129.199 1.03536 
129.199 1.05327 
129.199 1.07118 
129.199 1.08909 
129.199 1.107 
129.199 1.04345 
129.199 0.979909 
129.199 0.916364 
129.199 0.852818 
129.199 0.789273 
129.199 0.725727 
129.199 0.662182 
129.199 0.598636 
129.199 0.535091 
129.199 0.471545 

