129.199 12.138 
129.199 12.6928 
129.199 13.2476 
129.199 13.8025 
129.199 14.3573 
129.199 14.9121 
129.199 15.4669 
129.199 16.0217 
129.199 16.5765 
129.199 17.1314 
129.199 17.6862 
129.199 18.241 
129.199 17.4703 
129.199 16.6995 
129.199 15.9288 
129.199 15.1581 
129.199 14.3874 
129.199 13.6166 
129.199 12.8459 
129.199 12.0752 
129.199 11.3045 
129.199 10.5337 
129.199 9.763 
129.199 9.05064 
129.199 8.33827 
129.199 7.62591 
129.199 6.91355 
129.199 6.20118 
129.199 5.48882 
129.199 4.77645 
129.199 4.06409 
129.199 3.35173 
129.199 2.63936 
129.199 1.927 
129.199 1.89455 
129.199 1.86209 
129.199 1.82964 
129.199 1.79718 
129.199 1.76473 
129.199 1.73227 
129.199 1.69982 
129.199 1.66736 
129.199 1.63491 
129.199 1.60245 
129.199 1.57 
129.199 1.59727 
129.199 1.62455 
129.199 1.65182 
129.199 1.67909 
129.199 1.70636 
129.199 1.73364 
129.199 1.76091 
129.199 1.78818 
129.199 1.81545 
129.199 1.84273 
129.199 1.87 
129.199 1.80536 
129.199 1.74073 
129.199 1.67609 
129.199 1.61145 
129.199 1.54682 
129.199 1.48218 
129.199 1.41755 
129.199 1.35291 
129.199 1.28827 
129.199 1.22364 
129.199 1.159 
129.199 1.10173 
129.199 1.04445 
129.199 0.987182 
129.199 0.929909 
129.199 0.872636 
129.199 0.815364 
129.199 0.758091 
129.199 0.700818 
129.199 0.643545 
129.199 0.586273 
129.199 0.529 
129.199 0.540545 
129.199 0.552091 
129.199 0.563636 
129.199 0.575182 
129.199 0.586727 
129.199 0.598273 
129.199 0.609818 
129.199 0.621364 
129.199 0.632909 
129.199 0.644455 

