129.199 18.857 
129.199 19.1552 
129.199 19.4534 
129.199 19.7515 
129.199 20.0497 
129.199 20.3479 
129.199 20.6461 
129.199 20.9443 
129.199 21.2425 
129.199 21.5406 
129.199 21.8388 
129.199 22.137 
129.199 21.2393 
129.199 20.3415 
129.199 19.4438 
129.199 18.5461 
129.199 17.6484 
129.199 16.7506 
129.199 15.8529 
129.199 14.9552 
129.199 14.0575 
129.199 13.1597 
129.199 12.262 
129.199 11.2234 
129.199 10.1847 
129.199 9.14609 
129.199 8.10745 
129.199 7.06882 
129.199 6.03018 
129.199 4.99155 
129.199 3.95291 
129.199 2.91427 
129.199 1.87564 
129.199 0.837 
129.199 0.887909 
129.199 0.938818 
129.199 0.989727 
129.199 1.04064 
129.199 1.09155 
129.199 1.14245 
129.199 1.19336 
129.199 1.24427 
129.199 1.29518 
129.199 1.34609 
129.199 1.397 
129.199 1.36209 
129.199 1.32718 
129.199 1.29227 
129.199 1.25736 
129.199 1.22245 
129.199 1.18755 
129.199 1.15264 
129.199 1.11773 
129.199 1.08282 
129.199 1.04791 
129.199 1.013 
129.199 1.04336 
129.199 1.07373 
129.199 1.10409 
129.199 1.13445 
129.199 1.16482 
129.199 1.19518 
129.199 1.22555 
129.199 1.25591 
129.199 1.28627 
129.199 1.31664 
129.199 1.347 
129.199 1.30536 
129.199 1.26373 
129.199 1.22209 
129.199 1.18045 
129.199 1.13882 
129.199 1.09718 
129.199 1.05555 
129.199 1.01391 
129.199 0.972273 
129.199 0.930636 
129.199 0.889 
129.199 0.868727 
129.199 0.848455 
129.199 0.828182 
129.199 0.807909 
129.199 0.787636 
129.199 0.767364 
129.199 0.747091 
129.199 0.726818 
129.199 0.706545 
129.199 0.686273 

