129.199 20.026 
129.199 19.3815 
129.199 18.7369 
129.199 18.0924 
129.199 17.4478 
129.199 16.8033 
129.199 16.1587 
129.199 15.5142 
129.199 14.8696 
129.199 14.2251 
129.199 13.5805 
129.199 12.936 
129.199 12.644 
129.199 12.352 
129.199 12.06 
129.199 11.768 
129.199 11.476 
129.199 11.184 
129.199 10.892 
129.199 10.6 
129.199 10.308 
129.199 10.016 
129.199 9.724 
129.199 8.97527 
129.199 8.22655 
129.199 7.47782 
129.199 6.72909 
129.199 5.98036 
129.199 5.23164 
129.199 4.48291 
129.199 3.73418 
129.199 2.98545 
129.199 2.23673 
129.199 1.488 
129.199 1.41118 
129.199 1.33436 
129.199 1.25755 
129.199 1.18073 
129.199 1.10391 
129.199 1.02709 
129.199 0.950273 
129.199 0.873455 
129.199 0.796636 
129.199 0.719818 
129.199 0.643 
129.199 0.688727 
129.199 0.734455 
129.199 0.780182 
129.199 0.825909 
129.199 0.871636 
129.199 0.917364 
129.199 0.963091 
129.199 1.00882 
129.199 1.05455 
129.199 1.10027 
129.199 1.146 
129.199 1.12136 
129.199 1.09673 
129.199 1.07209 
129.199 1.04745 
129.199 1.02282 
129.199 0.998182 
129.199 0.973545 
129.199 0.948909 
129.199 0.924273 
129.199 0.899636 
129.199 0.875 
129.199 0.874091 
129.199 0.873182 
129.199 0.872273 
129.199 0.871364 
129.199 0.870455 
129.199 0.869545 
129.199 0.868636 
129.199 0.867727 
129.199 0.866818 
129.199 0.865909 
129.199 0.865 
129.199 0.828182 
129.199 0.791364 
129.199 0.754545 
129.199 0.717727 
129.199 0.680909 
129.199 0.644091 
129.199 0.607273 
129.199 0.570455 
129.199 0.533636 
129.199 0.496818 

