129.199 1.3 
129.199 1.31788 
129.199 1.33575 
129.199 1.35363 
129.199 1.3715 
129.199 1.38938 
129.199 1.40725 
129.199 1.42512 
129.199 1.443 
129.199 1.46088 
129.199 1.47875 
129.199 1.49663 
129.199 1.5145 
129.199 1.53238 
129.199 1.55025 
129.199 1.56813 
129.199 1.586 
129.199 1.66081 
129.199 1.73562 
129.199 1.81044 
129.199 1.88525 
129.199 1.96006 
129.199 2.03487 
129.199 2.10969 
129.199 2.1845 
129.199 2.25931 
129.199 2.33413 
129.199 2.40894 
129.199 2.48375 
129.199 2.55856 
129.199 2.63338 
129.199 2.70819 
129.199 2.783 
129.199 2.68344 
129.199 2.58387 
129.199 2.48431 
129.199 2.38475 
129.199 2.28519 
129.199 2.18562 
129.199 2.08606 
129.199 1.9865 
129.199 1.88694 
129.199 1.78737 
129.199 1.68781 
129.199 1.58825 
129.199 1.48869 
129.199 1.38912 
129.199 1.28956 
129.199 1.19 
129.199 1.21169 
129.199 1.23337 
129.199 1.25506 
129.199 1.27675 
129.199 1.29844 
129.199 1.32012 
129.199 1.34181 
129.199 1.3635 
129.199 1.38519 
129.199 1.40687 
129.199 1.42856 
129.199 1.45025 
129.199 1.47194 
129.199 1.49362 
129.199 1.51531 
129.199 1.537 
129.199 1.49887 
129.199 1.46075 
129.199 1.42263 
129.199 1.3845 
129.199 1.34637 
129.199 1.30825 
129.199 1.27012 
129.199 1.232 
129.199 1.19388 
129.199 1.15575 
129.199 1.11762 
129.199 1.0795 
129.199 1.04137 
129.199 1.00325 
129.199 0.965125 
129.199 0.927 
129.199 1.06469 
129.199 1.20237 
129.199 1.34006 
129.199 1.47775 
129.199 1.61544 
129.199 1.75313 
129.199 1.89081 
129.199 2.0285 
129.199 2.16619 
129.199 2.30387 
129.199 2.44156 
129.199 2.57925 
129.199 2.71694 
129.199 2.85462 
129.199 2.99231 
129.199 3.13 
129.199 3.023 
129.199 2.916 
129.199 2.809 
129.199 2.702 
129.199 2.595 
129.199 2.488 
129.199 2.381 
129.199 2.274 
129.199 2.167 
129.199 2.06 
129.199 1.953 
129.199 1.846 
129.199 1.739 
129.199 1.632 
129.199 1.525 
129.199 1.418 
129.199 1.44006 
129.199 1.46212 
129.199 1.48419 
129.199 1.50625 
129.199 1.52831 
129.199 1.55037 
129.199 1.57244 
129.199 1.5945 
129.199 1.61656 
129.199 1.63862 
129.199 1.66069 
129.199 1.68275 
129.199 1.70481 
129.199 1.72687 
129.199 1.74894 

