129.199 2.398 
129.199 2.40319 
129.199 2.40837 
129.199 2.41356 
129.199 2.41875 
129.199 2.42394 
129.199 2.42912 
129.199 2.43431 
129.199 2.4395 
129.199 2.44469 
129.199 2.44988 
129.199 2.45506 
129.199 2.46025 
129.199 2.46544 
129.199 2.47063 
129.199 2.47581 
129.199 2.481 
129.199 2.42144 
129.199 2.36187 
129.199 2.30231 
129.199 2.24275 
129.199 2.18319 
129.199 2.12363 
129.199 2.06406 
129.199 2.0045 
129.199 1.94494 
129.199 1.88538 
129.199 1.82581 
129.199 1.76625 
129.199 1.70669 
129.199 1.64712 
129.199 1.58756 
129.199 1.528 
129.199 1.60206 
129.199 1.67613 
129.199 1.75019 
129.199 1.82425 
129.199 1.89831 
129.199 1.97237 
129.199 2.04644 
129.199 2.1205 
129.199 2.19456 
129.199 2.26863 
129.199 2.34269 
129.199 2.41675 
129.199 2.49081 
129.199 2.56487 
129.199 2.63894 
129.199 2.713 
129.199 2.65144 
129.199 2.58988 
129.199 2.52831 
129.199 2.46675 
129.199 2.40519 
129.199 2.34363 
129.199 2.28206 
129.199 2.2205 
129.199 2.15894 
129.199 2.09737 
129.199 2.03581 
129.199 1.97425 
129.199 1.91269 
129.199 1.85113 
129.199 1.78956 
129.199 1.728 
129.199 1.72375 
129.199 1.7195 
129.199 1.71525 
129.199 1.711 
129.199 1.70675 
129.199 1.7025 
129.199 1.69825 
129.199 1.694 
129.199 1.68975 
129.199 1.6855 
129.199 1.68125 
129.199 1.677 
129.199 1.67275 
129.199 1.6685 
129.199 1.66425 
129.199 1.66 
129.199 1.66512 
129.199 1.67473 
129.199 1.66693 
129.199 1.66753 
129.199 1.66813 
129.199 1.66873 
129.199 1.66933 
129.199 1.66993 
129.199 1.67053 
129.199 1.67113 
129.199 1.67173 
129.199 1.67233 
129.199 1.67293 
129.199 1.67353 
129.199 1.67413 
129.199 1.67473 
129.199 1.67425 
129.199 1.67376 
129.199 1.67327 
129.199 1.67278 
129.199 1.67229 
129.199 1.67181 
129.199 1.67132 
129.199 1.67083 
129.199 1.67034 
129.199 1.66985 
129.199 1.66937 
129.199 1.66888 
129.199 1.66839 
129.199 1.6679 
129.199 1.66741 
129.199 1.66693 
129.199 1.66696 
129.199 1.667 
129.199 1.66704 
129.199 1.66708 
129.199 1.66711 
129.199 1.66715 
129.199 1.66719 
129.199 1.66723 
129.199 1.66726 
129.199 1.6673 
129.199 1.66734 
129.199 1.66738 
129.199 1.66741 
129.199 1.66745 
129.199 1.66749 

