129.199 1.018 
129.199 1.08937 
129.199 1.16075 
129.199 1.23212 
129.199 1.3035 
129.199 1.37488 
129.199 1.44625 
129.199 1.51763 
129.199 1.589 
129.199 1.66038 
129.199 1.73175 
129.199 1.80313 
129.199 1.8745 
129.199 1.94588 
129.199 2.01725 
129.199 2.08863 
129.199 2.16 
129.199 2.12163 
129.199 2.08325 
129.199 2.04488 
129.199 2.0065 
129.199 1.96813 
129.199 1.92975 
129.199 1.89138 
129.199 1.853 
129.199 1.81463 
129.199 1.77625 
129.199 1.73788 
129.199 1.6995 
129.199 1.66113 
129.199 1.62275 
129.199 1.58438 
129.199 1.546 
129.199 1.51694 
129.199 1.48788 
129.199 1.45881 
129.199 1.42975 
129.199 1.40069 
129.199 1.37163 
129.199 1.34256 
129.199 1.3135 
129.199 1.28444 
129.199 1.25537 
129.199 1.22631 
129.199 1.19725 
129.199 1.16819 
129.199 1.13912 
129.199 1.11006 
129.199 1.081 
129.199 1.1425 
129.199 1.204 
129.199 1.2655 
129.199 1.327 
129.199 1.3885 
129.199 1.45 
129.199 1.5115 
129.199 1.573 
129.199 1.6345 
129.199 1.696 
129.199 1.7575 
129.199 1.819 
129.199 1.8805 
129.199 1.942 
129.199 2.0035 
129.199 2.065 
129.199 2.08075 
129.199 2.0965 
129.199 2.11225 
129.199 2.128 
129.199 2.14375 
129.199 2.1595 
129.199 2.17525 
129.199 2.191 
129.199 2.20675 
129.199 2.2225 
129.199 2.23825 
129.199 2.254 
129.199 2.26975 
129.199 2.2855 
129.199 2.30125 
129.199 2.317 
129.199 2.25969 
129.199 2.20237 
129.199 2.14506 
129.199 2.08775 
129.199 2.03044 
129.199 1.97313 
129.199 1.91581 
129.199 1.8585 
129.199 1.80119 
129.199 1.74388 
129.199 1.68656 
129.199 1.62925 
129.199 1.57194 
129.199 1.51462 
129.199 1.45731 
129.199 1.4 
129.199 1.45281 
129.199 1.50562 
129.199 1.55844 
129.199 1.61125 
129.199 1.66406 
129.199 1.71687 
129.199 1.76969 
129.199 1.8225 
129.199 1.87531 
129.199 1.92813 
129.199 1.98094 
129.199 2.03375 
129.199 2.08656 
129.199 2.13938 
129.199 2.19219 
129.199 2.245 
129.199 2.25031 
129.199 2.25563 
129.199 2.26094 
129.199 2.26625 
129.199 2.27156 
129.199 2.27687 
129.199 2.28219 
129.199 2.2875 
129.199 2.29281 
129.199 2.29813 
129.199 2.30344 
129.199 2.30875 
129.199 2.31406 
129.199 2.31937 
129.199 2.32469 

