129.199 14.805 
129.199 14.9147 
129.199 15.0245 
129.199 15.1342 
129.199 15.244 
129.199 15.3537 
129.199 15.4635 
129.199 15.5732 
129.199 15.683 
129.199 15.7927 
129.199 15.9025 
129.199 16.0122 
129.199 16.122 
129.199 16.2317 
129.199 16.3415 
129.199 16.4512 
129.199 14.985 
129.199 14.9239 
129.199 14.8629 
129.199 14.8018 
129.199 14.7408 
129.199 14.6797 
129.199 14.6186 
129.199 14.5576 
129.199 14.4965 
129.199 14.4354 
129.199 14.3744 
129.199 14.3133 
129.199 14.2523 
129.199 14.1912 
129.199 14.1301 
129.199 14.0691 
129.199 9.699 
129.199 9.65687 
129.199 9.61475 
129.199 9.57263 
129.199 9.5305 
129.199 9.48837 
129.199 9.44625 
129.199 9.40413 
129.199 9.362 
129.199 9.31987 
129.199 9.27775 
129.199 9.23563 
129.199 9.1935 
129.199 9.15137 
129.199 9.10925 
129.199 9.06713 
129.199 1.825 
129.199 1.93525 
129.199 2.0455 
129.199 2.15575 
129.199 2.266 
129.199 2.37625 
129.199 2.4865 
129.199 2.59675 
129.199 2.707 
129.199 2.81725 
129.199 2.9275 
129.199 3.03775 
129.199 3.148 
129.199 3.25825 
129.199 3.3685 
129.199 3.47875 
129.199 2.345 
129.199 2.28438 
129.199 2.22375 
129.199 2.16312 
129.199 2.1025 
129.199 2.04188 
129.199 1.98125 
129.199 1.92063 
129.199 1.86 
129.199 1.79938 
129.199 1.73875 
129.199 1.67813 
129.199 1.6175 
129.199 1.55688 
129.199 1.49625 
129.199 1.43563 
129.199 0.623 
129.199 0.616125 
129.199 0.60925 
129.199 0.602375 
129.199 0.5955 
129.199 0.588625 
129.199 0.58175 
129.199 0.574875 
129.199 0.568 
129.199 0.561125 
129.199 0.55425 
129.199 0.547375 
129.199 0.5405 
129.199 0.533625 
129.199 0.52675 
129.199 0.519875 
129.199 1.022 
129.199 1.08344 
129.199 1.14488 
129.199 1.20631 
129.199 1.26775 
129.199 1.32919 
129.199 1.39062 
129.199 1.45206 
129.199 1.5135 
129.199 1.57494 
129.199 1.63638 
129.199 1.69781 
129.199 1.75925 
129.199 1.82069 
129.199 1.88213 
129.199 1.94356 
129.199 1.501 
129.199 1.4695 
129.199 1.438 
129.199 1.4065 
129.199 1.375 
129.199 1.3435 
129.199 1.312 
129.199 1.2805 
129.199 1.249 
129.199 1.2175 
129.199 1.186 
129.199 1.1545 
129.199 1.123 
129.199 1.0915 
129.199 1.06 
129.199 1.0285 

