129.199 14.991 
129.199 15.0009 
129.199 15.0109 
129.199 15.0208 
129.199 15.0307 
129.199 15.0407 
129.199 15.0506 
129.199 15.0606 
129.199 15.0705 
129.199 15.0804 
129.199 15.0904 
129.199 15.1003 
129.199 15.1102 
129.199 15.1202 
129.199 15.1301 
129.199 15.1401 
129.199 12.68 
129.199 12.6754 
129.199 12.6707 
129.199 12.6661 
129.199 12.6615 
129.199 12.6569 
129.199 12.6523 
129.199 12.6476 
129.199 12.643 
129.199 12.6384 
129.199 12.6337 
129.199 12.6291 
129.199 12.6245 
129.199 12.6199 
129.199 12.6152 
129.199 12.6106 
129.199 12.779 
129.199 12.7866 
129.199 12.7941 
129.199 12.8017 
129.199 12.8093 
129.199 12.8168 
129.199 12.8244 
129.199 12.8319 
129.199 12.8395 
129.199 12.8471 
129.199 12.8546 
129.199 12.8622 
129.199 12.8697 
129.199 12.8773 
129.199 12.8849 
129.199 12.8924 
129.199 1.752 
129.199 1.75006 
129.199 1.74812 
129.199 1.74619 
129.199 1.74425 
129.199 1.74231 
129.199 1.74038 
129.199 1.73844 
129.199 1.7365 
129.199 1.73456 
129.199 1.73262 
129.199 1.73069 
129.199 1.72875 
129.199 1.72681 
129.199 1.72487 
129.199 1.72294 
129.199 1.683 
129.199 1.73844 
129.199 1.79388 
129.199 1.84931 
129.199 1.90475 
129.199 1.96019 
129.199 2.01562 
129.199 2.07106 
129.199 2.1265 
129.199 2.18194 
129.199 2.23738 
129.199 2.29281 
129.199 2.34825 
129.199 2.40369 
129.199 2.45913 
129.199 2.51456 
129.199 0.482 
129.199 0.407062 
129.199 0.332125 
129.199 0.257187 
129.199 0.18225 
129.199 0.107312 
129.199 0.032375 
129.199 -0.0425625 
129.199 -0.1175 
129.199 -0.192438 
129.199 -0.267375 
129.199 -0.342313 
129.199 -0.41725 
129.199 -0.492188 
129.199 -0.567125 
129.199 -0.642062 
129.199 0.89 
129.199 0.937375 
129.199 0.98475 
129.199 1.03213 
129.199 1.0795 
129.199 1.12688 
129.199 1.17425 
129.199 1.22163 
129.199 1.269 
129.199 1.31638 
129.199 1.36375 
129.199 1.41113 
129.199 1.4585 
129.199 1.50588 
129.199 1.55325 
129.199 1.60063 
129.199 1.209 
129.199 1.21281 
129.199 1.21663 
129.199 1.22044 
129.199 1.22425 
129.199 1.22806 
129.199 1.23188 
129.199 1.23569 
129.199 1.2395 
129.199 1.24331 
129.199 1.24713 
129.199 1.25094 
129.199 1.25475 
129.199 1.25856 
129.199 1.26238 
129.199 1.26619 

