129.199 21.292 
129.199 21.2732 
129.199 21.2544 
129.199 21.2356 
129.199 21.2168 
129.199 21.1979 
129.199 21.1791 
129.199 21.1603 
129.199 21.1415 
129.199 21.1227 
129.199 21.1039 
129.199 21.0851 
129.199 21.0663 
129.199 21.0474 
129.199 21.0286 
129.199 21.0098 
129.199 19.074 
129.199 19.0818 
129.199 19.0896 
129.199 19.0974 
129.199 19.1053 
129.199 19.1131 
129.199 19.1209 
129.199 19.1287 
129.199 19.1365 
129.199 19.1443 
129.199 19.1521 
129.199 19.1599 
129.199 19.1678 
129.199 19.1756 
129.199 19.1834 
129.199 19.1912 
129.199 15.58 
129.199 15.5986 
129.199 15.6171 
129.199 15.6357 
129.199 15.6542 
129.199 15.6728 
129.199 15.6914 
129.199 15.7099 
129.199 15.7285 
129.199 15.7471 
129.199 15.7656 
129.199 15.7842 
129.199 15.8027 
129.199 15.8213 
129.199 15.8399 
129.199 15.8584 
129.199 2.155 
129.199 2.14194 
129.199 2.12887 
129.199 2.11581 
129.199 2.10275 
129.199 2.08969 
129.199 2.07662 
129.199 2.06356 
129.199 2.0505 
129.199 2.03744 
129.199 2.02438 
129.199 2.01131 
129.199 1.99825 
129.199 1.98519 
129.199 1.97212 
129.199 1.95906 
129.199 1.821 
129.199 1.90663 
129.199 1.99225 
129.199 2.07787 
129.199 2.1635 
129.199 2.24912 
129.199 2.33475 
129.199 2.42037 
129.199 2.506 
129.199 2.59162 
129.199 2.67725 
129.199 2.76287 
129.199 2.8485 
129.199 2.93412 
129.199 3.01975 
129.199 3.10537 
129.199 1.588 
129.199 1.58825 
129.199 1.5885 
129.199 1.58875 
129.199 1.589 
129.199 1.58925 
129.199 1.5895 
129.199 1.58975 
129.199 1.59 
129.199 1.59025 
129.199 1.5905 
129.199 1.59075 
129.199 1.591 
129.199 1.59125 
129.199 1.5915 
129.199 1.59175 
129.199 0.771 
129.199 0.729938 
129.199 0.688875 
129.199 0.647813 
129.199 0.60675 
129.199 0.565688 
129.199 0.524625 
129.199 0.483563 
129.199 0.4425 
129.199 0.401438 
129.199 0.360375 
129.199 0.319312 
129.199 0.27825 
129.199 0.237187 
129.199 0.196125 
129.199 0.155062 
129.199 1.075 
129.199 1.15863 
129.199 1.24225 
129.199 1.32587 
129.199 1.4095 
129.199 1.49313 
129.199 1.57675 
129.199 1.66037 
129.199 1.744 
129.199 1.82763 
129.199 1.91125 
129.199 1.99487 
129.199 2.0785 
129.199 2.16213 
129.199 2.24575 
129.199 2.32937 

