129.199 2.189 
129.199 2.114 
129.199 2.039 
129.199 1.964 
129.199 1.889 
129.199 1.814 
129.199 1.739 
129.199 1.664 
129.199 1.589 
129.199 1.514 
129.199 1.439 
129.199 1.364 
129.199 1.289 
129.199 1.214 
129.199 1.139 
129.199 1.064 
129.199 0.989 
129.199 1.00856 
129.199 1.02812 
129.199 1.04769 
129.199 1.06725 
129.199 1.08681 
129.199 1.10638 
129.199 1.12594 
129.199 1.1455 
129.199 1.16506 
129.199 1.18463 
129.199 1.20419 
129.199 1.22375 
129.199 1.24331 
129.199 1.26287 
129.199 1.28244 
129.199 1.302 
129.199 1.33394 
129.199 1.36587 
129.199 1.39781 
129.199 1.42975 
129.199 1.46169 
129.199 1.49362 
129.199 1.52556 
129.199 1.5575 
129.199 1.58944 
129.199 1.62138 
129.199 1.65331 
129.199 1.68525 
129.199 1.71719 
129.199 1.74912 
129.199 1.78106 
129.199 1.813 
129.199 1.77519 
129.199 1.73737 
129.199 1.69956 
129.199 1.66175 
129.199 1.62394 
129.199 1.58613 
129.199 1.54831 
129.199 1.5105 
129.199 1.47269 
129.199 1.43487 
129.199 1.39706 
129.199 1.35925 
129.199 1.32144 
129.199 1.28363 
129.199 1.24581 
129.199 1.208 
129.199 1.18575 
129.199 1.1635 
129.199 1.14125 
129.199 1.119 
129.199 1.09675 
129.199 1.0745 
129.199 1.05225 
129.199 1.03 
129.199 1.00775 
129.199 0.9855 
129.199 0.96325 
129.199 0.941 
129.199 0.91875 
129.199 0.8965 
129.199 0.87425 
129.199 0.852 
129.199 0.941 
129.199 1.03 
129.199 1.119 
129.199 1.208 
129.199 1.297 
129.199 1.386 
129.199 1.475 
129.199 1.564 
129.199 1.653 
129.199 1.742 
129.199 1.831 
129.199 1.92 
129.199 2.009 
129.199 2.098 
129.199 2.187 
129.199 2.276 
129.199 2.2575 
129.199 2.239 
129.199 2.2205 
129.199 2.202 
129.199 2.1835 
129.199 2.165 
129.199 2.1465 
129.199 2.128 
129.199 2.1095 
129.199 2.091 
129.199 2.0725 
129.199 2.054 
129.199 2.0355 
129.199 2.017 
129.199 1.9985 
129.199 1.98 
129.199 1.95962 
129.199 1.93925 
129.199 1.91887 
129.199 1.8985 
129.199 1.87813 
129.199 1.85775 
129.199 1.83737 
129.199 1.817 
129.199 1.79662 
129.199 1.77625 
129.199 1.75587 
129.199 1.7355 
129.199 1.71513 
129.199 1.69475 
129.199 1.67437 

