129.199 17.772 
129.199 17.8613 
129.199 17.9506 
129.199 18.0399 
129.199 18.1292 
129.199 18.2186 
129.199 18.3079 
129.199 18.3972 
129.199 18.4865 
129.199 18.5758 
129.199 18.6651 
129.199 18.7544 
129.199 18.8438 
129.199 18.9331 
129.199 19.0224 
129.199 19.1117 
129.199 15.514 
129.199 15.4969 
129.199 15.4797 
129.199 15.4626 
129.199 15.4455 
129.199 15.4284 
129.199 15.4112 
129.199 15.3941 
129.199 15.377 
129.199 15.3599 
129.199 15.3427 
129.199 15.3256 
129.199 15.3085 
129.199 15.2914 
129.199 15.2742 
129.199 15.2571 
129.199 6.383 
129.199 6.30856 
129.199 6.23412 
129.199 6.15969 
129.199 6.08525 
129.199 6.01081 
129.199 5.93637 
129.199 5.86194 
129.199 5.7875 
129.199 5.71306 
129.199 5.63863 
129.199 5.56419 
129.199 5.48975 
129.199 5.41531 
129.199 5.34088 
129.199 5.26644 
129.199 0.932 
129.199 0.964563 
129.199 0.997125 
129.199 1.02969 
129.199 1.06225 
129.199 1.09481 
129.199 1.12738 
129.199 1.15994 
129.199 1.1925 
129.199 1.22506 
129.199 1.25762 
129.199 1.29019 
129.199 1.32275 
129.199 1.35531 
129.199 1.38788 
129.199 1.42044 
129.199 1.747 
129.199 1.69563 
129.199 1.64425 
129.199 1.59288 
129.199 1.5415 
129.199 1.49013 
129.199 1.43875 
129.199 1.38738 
129.199 1.336 
129.199 1.28463 
129.199 1.23325 
129.199 1.18188 
129.199 1.1305 
129.199 1.07913 
129.199 1.02775 
129.199 0.976375 
129.199 1.167 
129.199 1.219 
129.199 1.271 
129.199 1.323 
129.199 1.375 
129.199 1.427 
129.199 1.479 
129.199 1.531 
129.199 1.583 
129.199 1.635 
129.199 1.687 
129.199 1.739 
129.199 1.791 
129.199 1.843 
129.199 1.895 
129.199 1.947 
129.199 1.365 
129.199 1.31012 
129.199 1.25525 
129.199 1.20037 
129.199 1.1455 
129.199 1.09062 
129.199 1.03575 
129.199 0.980875 
129.199 0.926 
129.199 0.871125 
129.199 0.81625 
129.199 0.761375 
129.199 0.7065 
129.199 0.651625 
129.199 0.59675 
129.199 0.541875 
129.199 0.92 
129.199 0.936938 
129.199 0.953875 
129.199 0.970813 
129.199 0.98775 
129.199 1.00469 
129.199 1.02163 
129.199 1.03856 
129.199 1.0555 
129.199 1.07244 
129.199 1.08937 
129.199 1.10631 
129.199 1.12325 
129.199 1.14019 
129.199 1.15713 
129.199 1.17406 

