129.199 15.759 
129.199 15.7837 
129.199 15.8084 
129.199 15.8331 
129.199 15.8578 
129.199 15.8824 
129.199 15.9071 
129.199 15.9318 
129.199 15.9565 
129.199 15.9812 
129.199 16.0059 
129.199 16.0306 
129.199 16.0553 
129.199 16.0799 
129.199 16.1046 
129.199 16.1293 
129.199 11.45 
129.199 11.3891 
129.199 11.3282 
129.199 11.2674 
129.199 11.2065 
129.199 11.1456 
129.199 11.0847 
129.199 11.0239 
129.199 10.963 
129.199 10.9021 
129.199 10.8412 
129.199 10.7804 
129.199 10.7195 
129.199 10.6586 
129.199 10.5977 
129.199 10.5369 
129.199 11.803 
129.199 11.8839 
129.199 11.9648 
129.199 12.0456 
129.199 12.1265 
129.199 12.2074 
129.199 12.2883 
129.199 12.3691 
129.199 12.45 
129.199 12.5309 
129.199 12.6118 
129.199 12.6926 
129.199 12.7735 
129.199 12.8544 
129.199 12.9352 
129.199 13.0161 
129.199 0.686 
129.199 0.617438 
129.199 0.548875 
129.199 0.480313 
129.199 0.41175 
129.199 0.343188 
129.199 0.274625 
129.199 0.206063 
129.199 0.1375 
129.199 0.0689375 
129.199 0.000375 
129.199 -0.0681875 
129.199 -0.13675 
129.199 -0.205312 
129.199 -0.273875 
129.199 -0.342437 
129.199 0.746 
129.199 0.788625 
129.199 0.83125 
129.199 0.873875 
129.199 0.9165 
129.199 0.959125 
129.199 1.00175 
129.199 1.04438 
129.199 1.087 
129.199 1.12963 
129.199 1.17225 
129.199 1.21488 
129.199 1.2575 
129.199 1.30012 
129.199 1.34275 
129.199 1.38538 
129.199 0.567 
129.199 0.5475 
129.199 0.528 
129.199 0.5085 
129.199 0.489 
129.199 0.4695 
129.199 0.45 
129.199 0.4305 
129.199 0.411 
129.199 0.3915 
129.199 0.372 
129.199 0.3525 
129.199 0.333 
129.199 0.3135 
129.199 0.294 
129.199 0.2745 
129.199 0.923 
129.199 0.976562 
129.199 1.03012 
129.199 1.08369 
129.199 1.13725 
129.199 1.19081 
129.199 1.24438 
129.199 1.29794 
129.199 1.3515 
129.199 1.40506 
129.199 1.45863 
129.199 1.51219 
129.199 1.56575 
129.199 1.61931 
129.199 1.67288 
129.199 1.72644 
129.199 0.892 
129.199 0.841375 
129.199 0.79075 
129.199 0.740125 
129.199 0.6895 
129.199 0.638875 
129.199 0.58825 
129.199 0.537625 
129.199 0.487 
129.199 0.436375 
129.199 0.38575 
129.199 0.335125 
129.199 0.2845 
129.199 0.233875 
129.199 0.18325 
129.199 0.132625 

