559.863 5.088 
559.863 5.09264 
559.863 5.09727 
559.863 5.10191 
559.863 5.10655 
559.863 5.11118 
559.863 5.11582 
559.863 5.12045 
559.863 5.12509 
559.863 5.12973 
559.863 5.13436 
559.863 5.139 
559.863 4.99473 
559.863 4.85045 
559.863 4.70618 
559.863 4.56191 
559.863 4.41764 
559.863 4.27336 
559.863 4.12909 
559.863 3.98482 
559.863 3.84055 
559.863 3.69627 
559.863 3.552 
559.863 3.68382 
559.863 3.81564 
559.863 3.94745 
559.863 4.07927 
559.863 4.21109 
559.863 4.34291 
559.863 4.47473 
559.863 4.60655 
559.863 4.73836 
559.863 4.87018 
559.863 5.002 
559.863 6.57482 
559.863 8.14764 
559.863 9.72045 
559.863 11.2933 
559.863 12.8661 
559.863 14.4389 
559.863 16.0117 
559.863 17.5845 
559.863 19.1574 
559.863 20.7302 
559.863 22.303 
559.863 20.4538 
559.863 18.6046 
559.863 16.7555 
559.863 14.9063 
559.863 13.0571 
559.863 11.2079 
559.863 9.35873 
559.863 7.50955 
559.863 5.66036 
559.863 3.81118 
559.863 1.962 
559.863 2.12791 
559.863 2.29382 
559.863 2.45973 
559.863 2.62564 
559.863 2.79155 
559.863 2.95745 
559.863 3.12336 
559.863 3.28927 
559.863 3.45518 
559.863 3.62109 
559.863 3.787 
559.863 4.03545 
559.863 4.28391 
559.863 4.53236 
559.863 4.78082 
559.863 5.02927 
559.863 5.27773 
559.863 5.52618 
559.863 5.77464 
559.863 6.02309 
559.863 6.27155 
559.863 6.52 
559.863 6.02991 
559.863 5.53982 
559.863 5.04973 
559.863 4.55964 
559.863 4.06955 
559.863 3.57945 
559.863 3.08936 
559.863 2.59927 
559.863 2.10918 
559.863 1.61909 

