559.863 5.611 
559.863 5.47882 
559.863 5.34664 
559.863 5.21445 
559.863 5.08227 
559.863 4.95009 
559.863 4.81791 
559.863 4.68573 
559.863 4.55355 
559.863 4.42136 
559.863 4.28918 
559.863 4.157 
559.863 4.03845 
559.863 3.91991 
559.863 3.80136 
559.863 3.68282 
559.863 3.56427 
559.863 3.44573 
559.863 3.32718 
559.863 3.20864 
559.863 3.09009 
559.863 2.97155 
559.863 2.853 
559.863 3.22409 
559.863 3.59518 
559.863 3.96627 
559.863 4.33736 
559.863 4.70845 
559.863 5.07955 
559.863 5.45064 
559.863 5.82173 
559.863 6.19282 
559.863 6.56391 
559.863 6.935 
559.863 8.304 
559.863 9.673 
559.863 11.042 
559.863 12.411 
559.863 13.78 
559.863 15.149 
559.863 16.518 
559.863 17.887 
559.863 19.256 
559.863 20.625 
559.863 21.994 
559.863 20.0739 
559.863 18.1538 
559.863 16.2337 
559.863 14.3136 
559.863 12.3935 
559.863 10.4735 
559.863 8.55336 
559.863 6.63327 
559.863 4.71318 
559.863 2.79309 
559.863 0.873 
559.863 1.16073 
559.863 1.44845 
559.863 1.73618 
559.863 2.02391 
559.863 2.31164 
559.863 2.59936 
559.863 2.88709 
559.863 3.17482 
559.863 3.46255 
559.863 3.75027 
559.863 4.038 
559.863 4.23009 
559.863 4.42218 
559.863 4.61427 
559.863 4.80636 
559.863 4.99845 
559.863 5.19055 
559.863 5.38264 
559.863 5.57473 
559.863 5.76682 
559.863 5.95891 
559.863 6.151 
559.863 5.67945 
559.863 5.20791 
559.863 4.73636 
559.863 4.26482 
559.863 3.79327 
559.863 3.32173 
559.863 2.85018 
559.863 2.37864 
559.863 1.90709 
559.863 1.43555 

