559.863 6.253 
559.863 6.04618 
559.863 5.83936 
559.863 5.63255 
559.863 5.42573 
559.863 5.21891 
559.863 5.01209 
559.863 4.80527 
559.863 4.59845 
559.863 4.39164 
559.863 4.18482 
559.863 3.978 
559.863 3.82891 
559.863 3.67982 
559.863 3.53073 
559.863 3.38164 
559.863 3.23255 
559.863 3.08345 
559.863 2.93436 
559.863 2.78527 
559.863 2.63618 
559.863 2.48709 
559.863 2.338 
559.863 2.68773 
559.863 3.03745 
559.863 3.38718 
559.863 3.73691 
559.863 4.08664 
559.863 4.43636 
559.863 4.78609 
559.863 5.13582 
559.863 5.48555 
559.863 5.83527 
559.863 6.185 
559.863 7.66936 
559.863 9.15373 
559.863 10.6381 
559.863 12.1225 
559.863 13.6068 
559.863 15.0912 
559.863 16.5755 
559.863 18.0599 
559.863 19.5443 
559.863 21.0286 
559.863 22.513 
559.863 20.6516 
559.863 18.7903 
559.863 16.9289 
559.863 15.0675 
559.863 13.2062 
559.863 11.3448 
559.863 9.48345 
559.863 7.62209 
559.863 5.76073 
559.863 3.89936 
559.863 2.038 
559.863 2.205 
559.863 2.372 
559.863 2.539 
559.863 2.706 
559.863 2.873 
559.863 3.04 
559.863 3.207 
559.863 3.374 
559.863 3.541 
559.863 3.708 
559.863 3.875 
559.863 4.13591 
559.863 4.39682 
559.863 4.65773 
559.863 4.91864 
559.863 5.17955 
559.863 5.44045 
559.863 5.70136 
559.863 5.96227 
559.863 6.22318 
559.863 6.48409 
559.863 6.745 
559.863 6.21064 
559.863 5.67627 
559.863 5.14191 
559.863 4.60755 
559.863 4.07318 
559.863 3.53882 
559.863 3.00445 
559.863 2.47009 
559.863 1.93573 
559.863 1.40136 

