559.863 3.929 
559.863 4.08364 
559.863 4.23827 
559.863 4.39291 
559.863 4.54755 
559.863 4.70218 
559.863 4.85682 
559.863 5.01145 
559.863 5.16609 
559.863 5.32073 
559.863 5.47536 
559.863 5.63 
559.863 5.53127 
559.863 5.43255 
559.863 5.33382 
559.863 5.23509 
559.863 5.13636 
559.863 5.03764 
559.863 4.93891 
559.863 4.84018 
559.863 4.74145 
559.863 4.64273 
559.863 4.544 
559.863 4.60345 
559.863 4.66291 
559.863 4.72236 
559.863 4.78182 
559.863 4.84127 
559.863 4.90073 
559.863 4.96018 
559.863 5.01964 
559.863 5.07909 
559.863 5.13855 
559.863 5.198 
559.863 6.82591 
559.863 8.45382 
559.863 10.0817 
559.863 11.7096 
559.863 13.3375 
559.863 14.9655 
559.863 16.5934 
559.863 18.2213 
559.863 19.8492 
559.863 21.4771 
559.863 23.105 
559.863 21.0556 
559.863 19.0063 
559.863 16.9569 
559.863 14.9075 
559.863 12.8582 
559.863 10.8088 
559.863 8.75945 
559.863 6.71009 
559.863 4.66073 
559.863 2.61136 
559.863 0.562 
559.863 0.866091 
559.863 1.17018 
559.863 1.47427 
559.863 1.77836 
559.863 2.08245 
559.863 2.38655 
559.863 2.69064 
559.863 2.99473 
559.863 3.29882 
559.863 3.60291 
559.863 3.907 
559.863 4.12755 
559.863 4.34809 
559.863 4.56864 
559.863 4.78918 
559.863 5.00973 
559.863 5.23027 
559.863 5.45082 
559.863 5.67136 
559.863 5.89191 
559.863 6.11245 
559.863 6.333 
559.863 5.84073 
559.863 5.34845 
559.863 4.85618 
559.863 4.36391 
559.863 3.87164 
559.863 3.37936 
559.863 2.88709 
559.863 2.39482 
559.863 1.90255 
559.863 1.41027 

