559.863 4.257 
559.863 4.21018 
559.863 4.16336 
559.863 4.11655 
559.863 4.06973 
559.863 4.02291 
559.863 3.97609 
559.863 3.92927 
559.863 3.88245 
559.863 3.83564 
559.863 3.78882 
559.863 3.742 
559.863 3.768 
559.863 3.794 
559.863 3.82 
559.863 3.846 
559.863 3.872 
559.863 3.898 
559.863 3.924 
559.863 3.95 
559.863 3.976 
559.863 4.002 
559.863 4.028 
559.863 4.07291 
559.863 4.11782 
559.863 4.16273 
559.863 4.20764 
559.863 4.25255 
559.863 4.29745 
559.863 4.34236 
559.863 4.38727 
559.863 4.43218 
559.863 4.47709 
559.863 4.522 
559.863 6.19473 
559.863 7.86745 
559.863 9.54018 
559.863 11.2129 
559.863 12.8856 
559.863 14.5584 
559.863 16.2311 
559.863 17.9038 
559.863 19.5765 
559.863 21.2493 
559.863 22.922 
559.863 20.9021 
559.863 18.8822 
559.863 16.8623 
559.863 14.8424 
559.863 12.8225 
559.863 10.8025 
559.863 8.78264 
559.863 6.76273 
559.863 4.74282 
559.863 2.72291 
559.863 0.703 
559.863 1.00673 
559.863 1.31045 
559.863 1.61418 
559.863 1.91791 
559.863 2.22164 
559.863 2.52536 
559.863 2.82909 
559.863 3.13282 
559.863 3.43655 
559.863 3.74027 
559.863 4.044 
559.863 4.25173 
559.863 4.45945 
559.863 4.66718 
559.863 4.87491 
559.863 5.08264 
559.863 5.29036 
559.863 5.49809 
559.863 5.70582 
559.863 5.91355 
559.863 6.12127 
559.863 6.329 
559.863 5.83918 
559.863 5.34936 
559.863 4.85955 
559.863 4.36973 
559.863 3.87991 
559.863 3.39009 
559.863 2.90027 
559.863 2.41045 
559.863 1.92064 
559.863 1.43082 

