559.863 2.563 
559.863 2.79027 
559.863 3.01755 
559.863 3.24482 
559.863 3.47209 
559.863 3.69936 
559.863 3.92664 
559.863 4.15391 
559.863 4.38118 
559.863 4.60845 
559.863 4.83573 
559.863 5.063 
559.863 4.957 
559.863 4.851 
559.863 4.745 
559.863 4.639 
559.863 4.533 
559.863 4.427 
559.863 4.321 
559.863 4.215 
559.863 4.109 
559.863 4.003 
559.863 3.897 
559.863 4.33464 
559.863 4.77227 
559.863 5.20991 
559.863 5.64755 
559.863 6.08518 
559.863 6.52282 
559.863 6.96045 
559.863 7.39809 
559.863 7.83573 
559.863 8.27336 
559.863 8.711 
559.863 10.0708 
559.863 11.4306 
559.863 12.7905 
559.863 14.1503 
559.863 15.5101 
559.863 16.8699 
559.863 18.2297 
559.863 19.5895 
559.863 20.9494 
559.863 22.3092 
559.863 23.669 
559.863 21.6911 
559.863 19.7132 
559.863 17.7353 
559.863 15.7574 
559.863 13.7795 
559.863 11.8015 
559.863 9.82364 
559.863 7.84573 
559.863 5.86782 
559.863 3.88991 
559.863 1.912 
559.863 2.18709 
559.863 2.46218 
559.863 2.73727 
559.863 3.01236 
559.863 3.28745 
559.863 3.56255 
559.863 3.83764 
559.863 4.11273 
559.863 4.38782 
559.863 4.66291 
559.863 4.938 
559.863 4.93764 
559.863 4.93727 
559.863 4.93691 
559.863 4.93655 
559.863 4.93618 
559.863 4.93582 
559.863 4.93545 
559.863 4.93509 
559.863 4.93473 
559.863 4.93436 
559.863 4.934 
559.863 4.58627 
559.863 4.23855 
559.863 3.89082 
559.863 3.54309 
559.863 3.19536 
559.863 2.84764 
559.863 2.49991 
559.863 2.15218 
559.863 1.80445 
559.863 1.45673 

