559.863 3.675 
559.863 3.72455 
559.863 3.77409 
559.863 3.82364 
559.863 3.87318 
559.863 3.92273 
559.863 3.97227 
559.863 4.02182 
559.863 4.07136 
559.863 4.12091 
559.863 4.17045 
559.863 4.22 
559.863 4.10627 
559.863 3.99255 
559.863 3.87882 
559.863 3.76509 
559.863 3.65136 
559.863 3.53764 
559.863 3.42391 
559.863 3.31018 
559.863 3.19645 
559.863 3.08273 
559.863 2.969 
559.863 3.32964 
559.863 3.69027 
559.863 4.05091 
559.863 4.41155 
559.863 4.77218 
559.863 5.13282 
559.863 5.49345 
559.863 5.85409 
559.863 6.21473 
559.863 6.57536 
559.863 6.936 
559.863 8.38045 
559.863 9.82491 
559.863 11.2694 
559.863 12.7138 
559.863 14.1583 
559.863 15.6027 
559.863 17.0472 
559.863 18.4916 
559.863 19.9361 
559.863 21.3805 
559.863 22.825 
559.863 20.899 
559.863 18.973 
559.863 17.047 
559.863 15.121 
559.863 13.195 
559.863 11.269 
559.863 9.343 
559.863 7.417 
559.863 5.491 
559.863 3.565 
559.863 1.639 
559.863 1.83518 
559.863 2.03136 
559.863 2.22755 
559.863 2.42373 
559.863 2.61991 
559.863 2.81609 
559.863 3.01227 
559.863 3.20845 
559.863 3.40464 
559.863 3.60082 
559.863 3.797 
559.863 4.049 
559.863 4.301 
559.863 4.553 
559.863 4.805 
559.863 5.057 
559.863 5.309 
559.863 5.561 
559.863 5.813 
559.863 6.065 
559.863 6.317 
559.863 6.569 
559.863 6.06009 
559.863 5.55118 
559.863 5.04227 
559.863 4.53336 
559.863 4.02445 
559.863 3.51555 
559.863 3.00664 
559.863 2.49773 
559.863 1.98882 
559.863 1.47991 

