559.863 4.133 
559.863 4.19245 
559.863 4.25191 
559.863 4.31136 
559.863 4.37082 
559.863 4.43027 
559.863 4.48973 
559.863 4.54918 
559.863 4.60864 
559.863 4.66809 
559.863 4.72755 
559.863 4.787 
559.863 4.61364 
559.863 4.44027 
559.863 4.26691 
559.863 4.09355 
559.863 3.92018 
559.863 3.74682 
559.863 3.57345 
559.863 3.40009 
559.863 3.22673 
559.863 3.05336 
559.863 2.88 
559.863 3.40564 
559.863 3.93127 
559.863 4.45691 
559.863 4.98255 
559.863 5.50818 
559.863 6.03382 
559.863 6.55945 
559.863 7.08509 
559.863 7.61073 
559.863 8.13636 
559.863 8.662 
559.863 9.901 
559.863 11.14 
559.863 12.379 
559.863 13.618 
559.863 14.857 
559.863 16.096 
559.863 17.335 
559.863 18.574 
559.863 19.813 
559.863 21.052 
559.863 22.291 
559.863 20.4161 
559.863 18.5412 
559.863 16.6663 
559.863 14.7914 
559.863 12.9165 
559.863 11.0415 
559.863 9.16664 
559.863 7.29173 
559.863 5.41682 
559.863 3.54191 
559.863 1.667 
559.863 1.86745 
559.863 2.06791 
559.863 2.26836 
559.863 2.46882 
559.863 2.66927 
559.863 2.86973 
559.863 3.07018 
559.863 3.27064 
559.863 3.47109 
559.863 3.67155 
559.863 3.872 
559.863 4.141 
559.863 4.41 
559.863 4.679 
559.863 4.948 
559.863 5.217 
559.863 5.486 
559.863 5.755 
559.863 6.024 
559.863 6.293 
559.863 6.562 
559.863 6.831 
559.863 6.29218 
559.863 5.75336 
559.863 5.21455 
559.863 4.67573 
559.863 4.13691 
559.863 3.59809 
559.863 3.05927 
559.863 2.52045 
559.863 1.98164 
559.863 1.44282 

