559.863 4.347 
559.863 4.32973 
559.863 4.31245 
559.863 4.29518 
559.863 4.27791 
559.863 4.26064 
559.863 4.24336 
559.863 4.22609 
559.863 4.20882 
559.863 4.19155 
559.863 4.17427 
559.863 4.157 
559.863 4.04245 
559.863 3.92791 
559.863 3.81336 
559.863 3.69882 
559.863 3.58427 
559.863 3.46973 
559.863 3.35518 
559.863 3.24064 
559.863 3.12609 
559.863 3.01155 
559.863 2.897 
559.863 3.31782 
559.863 3.73864 
559.863 4.15945 
559.863 4.58027 
559.863 5.00109 
559.863 5.42191 
559.863 5.84273 
559.863 6.26355 
559.863 6.68436 
559.863 7.10518 
559.863 7.526 
559.863 8.91864 
559.863 10.3113 
559.863 11.7039 
559.863 13.0965 
559.863 14.4892 
559.863 15.8818 
559.863 17.2745 
559.863 18.6671 
559.863 20.0597 
559.863 21.4524 
559.863 22.845 
559.863 20.8192 
559.863 18.7934 
559.863 16.7675 
559.863 14.7417 
559.863 12.7159 
559.863 10.6901 
559.863 8.66427 
559.863 6.63845 
559.863 4.61264 
559.863 2.58682 
559.863 0.561 
559.863 0.843727 
559.863 1.12645 
559.863 1.40918 
559.863 1.69191 
559.863 1.97464 
559.863 2.25736 
559.863 2.54009 
559.863 2.82282 
559.863 3.10555 
559.863 3.38827 
559.863 3.671 
559.863 3.97718 
559.863 4.28336 
559.863 4.58955 
559.863 4.89573 
559.863 5.20191 
559.863 5.50809 
559.863 5.81427 
559.863 6.12045 
559.863 6.42664 
559.863 6.73282 
559.863 7.039 
559.863 6.48291 
559.863 5.92682 
559.863 5.37073 
559.863 4.81464 
559.863 4.25855 
559.863 3.70245 
559.863 3.14636 
559.863 2.59027 
559.863 2.03418 
559.863 1.47809 

