559.863 6.661 
559.863 6.84987 
559.863 7.03875 
559.863 7.22762 
559.863 7.4165 
559.863 7.60537 
559.863 7.79425 
559.863 7.98312 
559.863 8.172 
559.863 8.36088 
559.863 8.54975 
559.863 8.73862 
559.863 8.9275 
559.863 9.11637 
559.863 9.30525 
559.863 9.49413 
559.863 9.683 
559.863 9.81425 
559.863 9.9455 
559.863 10.0768 
559.863 10.208 
559.863 10.3392 
559.863 10.4705 
559.863 10.6017 
559.863 10.733 
559.863 10.8643 
559.863 10.9955 
559.863 11.1267 
559.863 11.258 
559.863 11.3893 
559.863 11.5205 
559.863 11.6517 
559.863 11.783 
559.863 11.7374 
559.863 11.6919 
559.863 11.6463 
559.863 11.6007 
559.863 11.5552 
559.863 11.5096 
559.863 11.4641 
559.863 11.4185 
559.863 11.3729 
559.863 11.3274 
559.863 11.2818 
559.863 11.2363 
559.863 11.1907 
559.863 11.1451 
559.863 11.0996 
559.863 11.054 
559.863 10.8822 
559.863 10.7104 
559.863 10.5386 
559.863 10.3667 
559.863 10.1949 
559.863 10.0231 
559.863 9.85131 
559.863 9.6795 
559.863 9.50769 
559.863 9.33587 
559.863 9.16406 
559.863 8.99225 
559.863 8.82044 
559.863 8.64862 
559.863 8.47681 
559.863 8.305 
559.863 8.67987 
559.863 9.05475 
559.863 9.42962 
559.863 9.8045 
559.863 10.1794 
559.863 10.5542 
559.863 10.9291 
559.863 11.304 
559.863 11.6789 
559.863 12.0538 
559.863 12.4286 
559.863 12.8035 
559.863 13.1784 
559.863 13.5533 
559.863 13.9281 
559.863 14.303 
559.863 14.0776 
559.863 13.6549 
559.863 13.9983 
559.863 13.9719 
559.863 13.9455 
559.863 13.9191 
559.863 13.8926 
559.863 13.8662 
559.863 13.8398 
559.863 13.8134 
559.863 13.787 
559.863 13.7605 
559.863 13.7341 
559.863 13.7077 
559.863 13.6813 
559.863 13.6549 
559.863 13.6763 
559.863 13.6978 
559.863 13.7193 
559.863 13.7407 
559.863 13.7622 
559.863 13.7837 
559.863 13.8051 
559.863 13.8266 
559.863 13.8481 
559.863 13.8695 
559.863 13.891 
559.863 13.9124 
559.863 13.9339 
559.863 13.9554 
559.863 13.9768 
559.863 13.9983 
559.863 13.9967 
559.863 13.995 
559.863 13.9934 
559.863 13.9917 
559.863 13.9901 
559.863 13.9884 
559.863 13.9867 
559.863 13.9851 
559.863 13.9834 
559.863 13.9818 
559.863 13.9801 
559.863 13.9785 
559.863 13.9768 
559.863 13.9752 
559.863 13.9735 

