559.863 4.762 
559.863 4.97381 
559.863 5.18562 
559.863 5.39744 
559.863 5.60925 
559.863 5.82106 
559.863 6.03287 
559.863 6.24469 
559.863 6.4565 
559.863 6.66831 
559.863 6.88012 
559.863 7.09194 
559.863 7.30375 
559.863 7.51556 
559.863 7.72738 
559.863 7.93919 
559.863 7.324 
559.863 7.53231 
559.863 7.74062 
559.863 7.94894 
559.863 8.15725 
559.863 8.36556 
559.863 8.57387 
559.863 8.78219 
559.863 8.9905 
559.863 9.19881 
559.863 9.40713 
559.863 9.61544 
559.863 9.82375 
559.863 10.0321 
559.863 10.2404 
559.863 10.4487 
559.863 1.974 
559.863 1.88894 
559.863 1.80387 
559.863 1.71881 
559.863 1.63375 
559.863 1.54869 
559.863 1.46362 
559.863 1.37856 
559.863 1.2935 
559.863 1.20844 
559.863 1.12337 
559.863 1.03831 
559.863 0.95325 
559.863 0.868187 
559.863 0.783125 
559.863 0.698062 
559.863 6.031 
559.863 5.85275 
559.863 5.6745 
559.863 5.49625 
559.863 5.318 
559.863 5.13975 
559.863 4.9615 
559.863 4.78325 
559.863 4.605 
559.863 4.42675 
559.863 4.2485 
559.863 4.07025 
559.863 3.892 
559.863 3.71375 
559.863 3.5355 
559.863 3.35725 
559.863 23.055 
559.863 23.5016 
559.863 23.9482 
559.863 24.3949 
559.863 24.8415 
559.863 25.2881 
559.863 25.7347 
559.863 26.1814 
559.863 26.628 
559.863 27.0746 
559.863 27.5212 
559.863 27.9679 
559.863 28.4145 
559.863 28.8611 
559.863 29.3077 
559.863 29.7544 
559.863 1.95 
559.863 1.73094 
559.863 1.51187 
559.863 1.29281 
559.863 1.07375 
559.863 0.854687 
559.863 0.635625 
559.863 0.416562 
559.863 0.1975 
559.863 -0.0215625 
559.863 -0.240625 
559.863 -0.459688 
559.863 -0.67875 
559.863 -0.897813 
559.863 -1.11688 
559.863 -1.33594 
559.863 3.879 
559.863 4.33425 
559.863 4.7895 
559.863 5.24475 
559.863 5.7 
559.863 6.15525 
559.863 6.6105 
559.863 7.06575 
559.863 7.521 
559.863 7.97625 
559.863 8.4315 
559.863 8.88675 
559.863 9.342 
559.863 9.79725 
559.863 10.2525 
559.863 10.7078 
559.863 5.606 
559.863 5.41294 
559.863 5.21988 
559.863 5.02681 
559.863 4.83375 
559.863 4.64069 
559.863 4.44762 
559.863 4.25456 
559.863 4.0615 
559.863 3.86844 
559.863 3.67537 
559.863 3.48231 
559.863 3.28925 
559.863 3.09619 
559.863 2.90312 
559.863 2.71006 

