559.863 6.069 
559.863 6.26788 
559.863 6.46675 
559.863 6.66563 
559.863 6.8645 
559.863 7.06337 
559.863 7.26225 
559.863 7.46113 
559.863 7.66 
559.863 7.85887 
559.863 8.05775 
559.863 8.25662 
559.863 8.4555 
559.863 8.65437 
559.863 8.85325 
559.863 9.05213 
559.863 9.251 
559.863 9.42925 
559.863 9.6075 
559.863 9.78575 
559.863 9.964 
559.863 10.1422 
559.863 10.3205 
559.863 10.4987 
559.863 10.677 
559.863 10.8552 
559.863 11.0335 
559.863 11.2118 
559.863 11.39 
559.863 11.5682 
559.863 11.7465 
559.863 11.9247 
559.863 12.103 
559.863 12.0141 
559.863 11.9251 
559.863 11.8362 
559.863 11.7472 
559.863 11.6583 
559.863 11.5694 
559.863 11.4804 
559.863 11.3915 
559.863 11.3026 
559.863 11.2136 
559.863 11.1247 
559.863 11.0358 
559.863 10.9468 
559.863 10.8579 
559.863 10.7689 
559.863 10.68 
559.863 10.5409 
559.863 10.4019 
559.863 10.2628 
559.863 10.1237 
559.863 9.98469 
559.863 9.84563 
559.863 9.70656 
559.863 9.5675 
559.863 9.42844 
559.863 9.28937 
559.863 9.15031 
559.863 9.01125 
559.863 8.87219 
559.863 8.73312 
559.863 8.59406 
559.863 8.455 
559.863 8.70775 
559.863 8.9605 
559.863 9.21325 
559.863 9.466 
559.863 9.71875 
559.863 9.9715 
559.863 10.2242 
559.863 10.477 
559.863 10.7297 
559.863 10.9825 
559.863 11.2353 
559.863 11.488 
559.863 11.7408 
559.863 11.9935 
559.863 12.2462 
559.863 12.499 
559.863 12.3714 
559.863 12.2439 
559.863 12.1163 
559.863 11.9887 
559.863 11.8612 
559.863 11.7336 
559.863 11.6061 
559.863 11.4785 
559.863 11.3509 
559.863 11.2234 
559.863 11.0958 
559.863 10.9683 
559.863 10.8407 
559.863 10.7131 
559.863 10.5856 
559.863 10.458 
559.863 10.9109 
559.863 11.3637 
559.863 11.8166 
559.863 12.2695 
559.863 12.7224 
559.863 13.1753 
559.863 13.6281 
559.863 14.081 
559.863 14.5339 
559.863 14.9868 
559.863 15.4396 
559.863 15.8925 
559.863 16.3454 
559.863 16.7982 
559.863 17.2511 
559.863 17.704 
559.863 17.4085 
559.863 17.113 
559.863 16.8175 
559.863 16.522 
559.863 16.2265 
559.863 15.931 
559.863 15.6355 
559.863 15.34 
559.863 15.0445 
559.863 14.749 
559.863 14.4535 
559.863 14.158 
559.863 13.8625 
559.863 13.567 
559.863 13.2715 

