559.863 7.415 
559.863 7.51912 
559.863 7.62325 
559.863 7.72738 
559.863 7.8315 
559.863 7.93562 
559.863 8.03975 
559.863 8.14387 
559.863 8.248 
559.863 8.35212 
559.863 8.45625 
559.863 8.56038 
559.863 8.6645 
559.863 8.76863 
559.863 8.87275 
559.863 8.97687 
559.863 9.081 
559.863 9.21544 
559.863 9.34987 
559.863 9.48431 
559.863 9.61875 
559.863 9.75319 
559.863 9.88762 
559.863 10.0221 
559.863 10.1565 
559.863 10.2909 
559.863 10.4254 
559.863 10.5598 
559.863 10.6943 
559.863 10.8287 
559.863 10.9631 
559.863 11.0976 
559.863 11.232 
559.863 11.2371 
559.863 11.2421 
559.863 11.2472 
559.863 11.2523 
559.863 11.2573 
559.863 11.2624 
559.863 11.2674 
559.863 11.2725 
559.863 11.2776 
559.863 11.2826 
559.863 11.2877 
559.863 11.2927 
559.863 11.2978 
559.863 11.3029 
559.863 11.3079 
559.863 11.313 
559.863 11.1216 
559.863 10.9303 
559.863 10.7389 
559.863 10.5475 
559.863 10.3561 
559.863 10.1647 
559.863 9.97338 
559.863 9.782 
559.863 9.59062 
559.863 9.39925 
559.863 9.20787 
559.863 9.0165 
559.863 8.82512 
559.863 8.63375 
559.863 8.44237 
559.863 8.251 
559.863 8.52456 
559.863 8.79812 
559.863 9.07169 
559.863 9.34525 
559.863 9.61881 
559.863 9.89237 
559.863 10.1659 
559.863 10.4395 
559.863 10.7131 
559.863 10.9866 
559.863 11.2602 
559.863 11.5337 
559.863 11.8073 
559.863 12.0809 
559.863 12.3544 
559.863 12.628 
559.863 12.5274 
559.863 12.4268 
559.863 12.3261 
559.863 12.2255 
559.863 12.1249 
559.863 12.0243 
559.863 11.9236 
559.863 11.823 
559.863 11.7224 
559.863 11.6218 
559.863 11.5211 
559.863 11.4205 
559.863 11.3199 
559.863 11.2193 
559.863 11.1186 
559.863 11.018 
559.863 11.4838 
559.863 11.9496 
559.863 12.4154 
559.863 12.8813 
559.863 13.3471 
559.863 13.8129 
559.863 14.2787 
559.863 14.7445 
559.863 15.2103 
559.863 15.6761 
559.863 16.1419 
559.863 16.6077 
559.863 17.0736 
559.863 17.5394 
559.863 18.0052 
559.863 18.471 
559.863 18.2266 
559.863 17.9823 
559.863 17.7379 
559.863 17.4935 
559.863 17.2491 
559.863 17.0048 
559.863 16.7604 
559.863 16.516 
559.863 16.2716 
559.863 16.0272 
559.863 15.7829 
559.863 15.5385 
559.863 15.2941 
559.863 15.0497 
559.863 14.8054 

