559.863 2.563 
559.863 2.62038 
559.863 2.67775 
559.863 2.73513 
559.863 2.7925 
559.863 2.84987 
559.863 2.90725 
559.863 2.96462 
559.863 3.022 
559.863 3.07937 
559.863 3.13675 
559.863 3.19412 
559.863 3.2515 
559.863 3.30887 
559.863 3.36625 
559.863 3.42362 
559.863 5.063 
559.863 5.09244 
559.863 5.12187 
559.863 5.15131 
559.863 5.18075 
559.863 5.21019 
559.863 5.23963 
559.863 5.26906 
559.863 5.2985 
559.863 5.32794 
559.863 5.35737 
559.863 5.38681 
559.863 5.41625 
559.863 5.44569 
559.863 5.47513 
559.863 5.50456 
559.863 3.897 
559.863 4.26169 
559.863 4.62637 
559.863 4.99106 
559.863 5.35575 
559.863 5.72044 
559.863 6.08512 
559.863 6.44981 
559.863 6.8145 
559.863 7.17919 
559.863 7.54387 
559.863 7.90856 
559.863 8.27325 
559.863 8.63794 
559.863 9.00263 
559.863 9.36731 
559.863 8.711 
559.863 8.63669 
559.863 8.56237 
559.863 8.48806 
559.863 8.41375 
559.863 8.33944 
559.863 8.26513 
559.863 8.19081 
559.863 8.1165 
559.863 8.04219 
559.863 7.96788 
559.863 7.89356 
559.863 7.81925 
559.863 7.74494 
559.863 7.67063 
559.863 7.59631 
559.863 23.669 
559.863 24.1815 
559.863 24.694 
559.863 25.2065 
559.863 25.719 
559.863 26.2315 
559.863 26.744 
559.863 27.2565 
559.863 27.769 
559.863 28.2815 
559.863 28.794 
559.863 29.3065 
559.863 29.819 
559.863 30.3315 
559.863 30.844 
559.863 31.3565 
559.863 1.912 
559.863 1.64569 
559.863 1.37937 
559.863 1.11306 
559.863 0.84675 
559.863 0.580437 
559.863 0.314125 
559.863 0.0478125 
559.863 -0.2185 
559.863 -0.484813 
559.863 -0.751125 
559.863 -1.01744 
559.863 -1.28375 
559.863 -1.55006 
559.863 -1.81638 
559.863 -2.08269 
559.863 4.938 
559.863 5.47762 
559.863 6.01725 
559.863 6.55687 
559.863 7.0965 
559.863 7.63612 
559.863 8.17575 
559.863 8.71537 
559.863 9.255 
559.863 9.79462 
559.863 10.3342 
559.863 10.8739 
559.863 11.4135 
559.863 11.9531 
559.863 12.4927 
559.863 13.0324 
559.863 4.934 
559.863 4.72106 
559.863 4.50813 
559.863 4.29519 
559.863 4.08225 
559.863 3.86931 
559.863 3.65638 
559.863 3.44344 
559.863 3.2305 
559.863 3.01756 
559.863 2.80463 
559.863 2.59169 
559.863 2.37875 
559.863 2.16581 
559.863 1.95288 
559.863 1.73994 

