559.863 6.938 
559.863 7.10812 
559.863 7.27825 
559.863 7.44837 
559.863 7.6185 
559.863 7.78862 
559.863 7.95875 
559.863 8.12888 
559.863 8.299 
559.863 8.46913 
559.863 8.63925 
559.863 8.80937 
559.863 8.9795 
559.863 9.14963 
559.863 9.31975 
559.863 9.48987 
559.863 9.66 
559.863 9.78431 
559.863 9.90863 
559.863 10.0329 
559.863 10.1572 
559.863 10.2816 
559.863 10.4059 
559.863 10.5302 
559.863 10.6545 
559.863 10.7788 
559.863 10.9031 
559.863 11.0274 
559.863 11.1517 
559.863 11.2761 
559.863 11.4004 
559.863 11.5247 
559.863 11.649 
559.863 11.6246 
559.863 11.6002 
559.863 11.5759 
559.863 11.5515 
559.863 11.5271 
559.863 11.5027 
559.863 11.4784 
559.863 11.454 
559.863 11.4296 
559.863 11.4053 
559.863 11.3809 
559.863 11.3565 
559.863 11.3321 
559.863 11.3078 
559.863 11.2834 
559.863 11.259 
559.863 11.1268 
559.863 10.9945 
559.863 10.8622 
559.863 10.73 
559.863 10.5978 
559.863 10.4655 
559.863 10.3332 
559.863 10.201 
559.863 10.0688 
559.863 9.9365 
559.863 9.80425 
559.863 9.672 
559.863 9.53975 
559.863 9.4075 
559.863 9.27525 
559.863 9.143 
559.863 9.49056 
559.863 9.83813 
559.863 10.1857 
559.863 10.5333 
559.863 10.8808 
559.863 11.2284 
559.863 11.5759 
559.863 11.9235 
559.863 12.2711 
559.863 12.6186 
559.863 12.9662 
559.863 13.3138 
559.863 13.6613 
559.863 14.0089 
559.863 14.3564 
559.863 14.704 
559.863 14.4681 
559.863 14.2323 
559.863 13.9964 
559.863 13.7605 
559.863 13.5246 
559.863 13.2888 
559.863 13.0529 
559.863 12.817 
559.863 12.5811 
559.863 12.3453 
559.863 12.1094 
559.863 11.8735 
559.863 11.6376 
559.863 11.4017 
559.863 11.1659 
559.863 10.93 
559.863 11.3788 
559.863 11.8276 
559.863 12.2764 
559.863 12.7252 
559.863 13.1741 
559.863 13.6229 
559.863 14.0717 
559.863 14.5205 
559.863 14.9693 
559.863 15.4181 
559.863 15.8669 
559.863 16.3158 
559.863 16.7646 
559.863 17.2134 
559.863 17.6622 
559.863 18.111 
559.863 17.9494 
559.863 17.7879 
559.863 17.6263 
559.863 17.4648 
559.863 17.3032 
559.863 17.1416 
559.863 16.9801 
559.863 16.8185 
559.863 16.6569 
559.863 16.4954 
559.863 16.3338 
559.863 16.1722 
559.863 16.0107 
559.863 15.8491 
559.863 15.6876 

