559.863 6.477 
559.863 6.59244 
559.863 6.70788 
559.863 6.82331 
559.863 6.93875 
559.863 7.05419 
559.863 7.16962 
559.863 7.28506 
559.863 7.4005 
559.863 7.51594 
559.863 7.63138 
559.863 7.74681 
559.863 7.86225 
559.863 7.97769 
559.863 8.09313 
559.863 8.20856 
559.863 8.324 
559.863 8.558 
559.863 8.792 
559.863 9.026 
559.863 9.26 
559.863 9.494 
559.863 9.728 
559.863 9.962 
559.863 10.196 
559.863 10.43 
559.863 10.664 
559.863 10.898 
559.863 11.132 
559.863 11.366 
559.863 11.6 
559.863 11.834 
559.863 12.068 
559.863 11.9984 
559.863 11.9289 
559.863 11.8593 
559.863 11.7897 
559.863 11.7202 
559.863 11.6506 
559.863 11.5811 
559.863 11.5115 
559.863 11.4419 
559.863 11.3724 
559.863 11.3028 
559.863 11.2332 
559.863 11.1637 
559.863 11.0941 
559.863 11.0246 
559.863 10.955 
559.863 10.739 
559.863 10.523 
559.863 10.307 
559.863 10.091 
559.863 9.875 
559.863 9.659 
559.863 9.443 
559.863 9.227 
559.863 9.011 
559.863 8.795 
559.863 8.579 
559.863 8.363 
559.863 8.147 
559.863 7.931 
559.863 7.715 
559.863 7.499 
559.863 7.79731 
559.863 8.09563 
559.863 8.39394 
559.863 8.69225 
559.863 8.99056 
559.863 9.28888 
559.863 9.58719 
559.863 9.8855 
559.863 10.1838 
559.863 10.4821 
559.863 10.7804 
559.863 11.0787 
559.863 11.3771 
559.863 11.6754 
559.863 11.9737 
559.863 12.272 
559.863 12.2738 
559.863 12.2756 
559.863 12.2774 
559.863 12.2793 
559.863 12.2811 
559.863 12.2829 
559.863 12.2847 
559.863 12.2865 
559.863 12.2883 
559.863 12.2901 
559.863 12.2919 
559.863 12.2937 
559.863 12.2956 
559.863 12.2974 
559.863 12.2992 
559.863 12.301 
559.863 12.6597 
559.863 13.0184 
559.863 13.3771 
559.863 13.7357 
559.863 14.0944 
559.863 14.4531 
559.863 14.8118 
559.863 15.1705 
559.863 15.5292 
559.863 15.8879 
559.863 16.2466 
559.863 16.6052 
559.863 16.9639 
559.863 17.3226 
559.863 17.6813 
559.863 18.04 
559.863 17.7209 
559.863 17.4019 
559.863 17.0828 
559.863 16.7637 
559.863 16.4447 
559.863 16.1256 
559.863 15.8066 
559.863 15.4875 
559.863 15.1684 
559.863 14.8494 
559.863 14.5303 
559.863 14.2112 
559.863 13.8922 
559.863 13.5731 
559.863 13.2541 

