559.863 6.774 
559.863 6.86362 
559.863 6.95325 
559.863 7.04288 
559.863 7.1325 
559.863 7.22213 
559.863 7.31175 
559.863 7.40137 
559.863 7.491 
559.863 7.58063 
559.863 7.67025 
559.863 7.75988 
559.863 7.8495 
559.863 7.93913 
559.863 8.02875 
559.863 8.11838 
559.863 8.208 
559.863 8.42575 
559.863 8.6435 
559.863 8.86125 
559.863 9.079 
559.863 9.29675 
559.863 9.5145 
559.863 9.73225 
559.863 9.95 
559.863 10.1677 
559.863 10.3855 
559.863 10.6032 
559.863 10.821 
559.863 11.0388 
559.863 11.2565 
559.863 11.4742 
559.863 11.692 
559.863 11.6409 
559.863 11.5899 
559.863 11.5388 
559.863 11.4878 
559.863 11.4367 
559.863 11.3856 
559.863 11.3346 
559.863 11.2835 
559.863 11.2324 
559.863 11.1814 
559.863 11.1303 
559.863 11.0793 
559.863 11.0282 
559.863 10.9771 
559.863 10.9261 
559.863 10.875 
559.863 10.735 
559.863 10.595 
559.863 10.455 
559.863 10.315 
559.863 10.175 
559.863 10.035 
559.863 9.895 
559.863 9.755 
559.863 9.615 
559.863 9.475 
559.863 9.335 
559.863 9.195 
559.863 9.055 
559.863 8.915 
559.863 8.775 
559.863 8.635 
559.863 8.97456 
559.863 9.31413 
559.863 9.65369 
559.863 9.99325 
559.863 10.3328 
559.863 10.6724 
559.863 11.0119 
559.863 11.3515 
559.863 11.6911 
559.863 12.0306 
559.863 12.3702 
559.863 12.7097 
559.863 13.0493 
559.863 13.3889 
559.863 13.7284 
559.863 14.068 
559.863 13.9259 
559.863 13.7839 
559.863 13.6418 
559.863 13.4997 
559.863 13.3577 
559.863 13.2156 
559.863 13.0736 
559.863 12.9315 
559.863 12.7894 
559.863 12.6474 
559.863 12.5053 
559.863 12.3633 
559.863 12.2212 
559.863 12.0791 
559.863 11.9371 
559.863 11.795 
559.863 12.0919 
559.863 12.3887 
559.863 12.6856 
559.863 12.9825 
559.863 13.2794 
559.863 13.5762 
559.863 13.8731 
559.863 14.17 
559.863 14.4669 
559.863 14.7638 
559.863 15.0606 
559.863 15.3575 
559.863 15.6544 
559.863 15.9513 
559.863 16.2481 
559.863 16.545 
559.863 16.4535 
559.863 16.362 
559.863 16.2705 
559.863 16.179 
559.863 16.0875 
559.863 15.996 
559.863 15.9045 
559.863 15.813 
559.863 15.7215 
559.863 15.63 
559.863 15.5385 
559.863 15.447 
559.863 15.3555 
559.863 15.264 
559.863 15.1725 

