559.863 6.231 
559.863 6.40106 
559.863 6.57113 
559.863 6.74119 
559.863 6.91125 
559.863 7.08131 
559.863 7.25137 
559.863 7.42144 
559.863 7.5915 
559.863 7.76156 
559.863 7.93163 
559.863 8.10169 
559.863 8.27175 
559.863 8.44181 
559.863 8.61187 
559.863 8.78194 
559.863 8.952 
559.863 9.19875 
559.863 9.4455 
559.863 9.69225 
559.863 9.939 
559.863 10.1858 
559.863 10.4325 
559.863 10.6792 
559.863 10.926 
559.863 11.1728 
559.863 11.4195 
559.863 11.6662 
559.863 11.913 
559.863 12.1598 
559.863 12.4065 
559.863 12.6532 
559.863 12.9 
559.863 12.7773 
559.863 12.6545 
559.863 12.5318 
559.863 12.409 
559.863 12.2863 
559.863 12.1635 
559.863 12.0408 
559.863 11.918 
559.863 11.7952 
559.863 11.6725 
559.863 11.5497 
559.863 11.427 
559.863 11.3042 
559.863 11.1815 
559.863 11.0587 
559.863 10.936 
559.863 10.8648 
559.863 10.7935 
559.863 10.7222 
559.863 10.651 
559.863 10.5798 
559.863 10.5085 
559.863 10.4372 
559.863 10.366 
559.863 10.2948 
559.863 10.2235 
559.863 10.1522 
559.863 10.081 
559.863 10.0098 
559.863 9.9385 
559.863 9.86725 
559.863 9.796 
559.863 10.1192 
559.863 10.4425 
559.863 10.7657 
559.863 11.089 
559.863 11.4123 
559.863 11.7355 
559.863 12.0587 
559.863 12.382 
559.863 12.7052 
559.863 13.0285 
559.863 13.3517 
559.863 13.675 
559.863 13.9982 
559.863 14.3215 
559.863 14.6448 
559.863 14.968 
559.863 14.6832 
559.863 14.3984 
559.863 14.1136 
559.863 13.8287 
559.863 13.5439 
559.863 13.2591 
559.863 12.9743 
559.863 12.6895 
559.863 12.4047 
559.863 12.1199 
559.863 11.8351 
559.863 11.5503 
559.863 11.2654 
559.863 10.9806 
559.863 10.6958 
559.863 10.411 
559.863 10.8089 
559.863 11.2069 
559.863 11.6048 
559.863 12.0027 
559.863 12.4007 
559.863 12.7986 
559.863 13.1966 
559.863 13.5945 
559.863 13.9924 
559.863 14.3904 
559.863 14.7883 
559.863 15.1862 
559.863 15.5842 
559.863 15.9821 
559.863 16.3801 
559.863 16.778 
559.863 16.6065 
559.863 16.435 
559.863 16.2635 
559.863 16.092 
559.863 15.9205 
559.863 15.749 
559.863 15.5775 
559.863 15.406 
559.863 15.2345 
559.863 15.063 
559.863 14.8915 
559.863 14.72 
559.863 14.5485 
559.863 14.377 
559.863 14.2055 

