258.398 16.704 
258.398 17.1315 
258.398 17.5591 
258.398 17.9866 
258.398 18.4142 
258.398 18.8417 
258.398 19.2693 
258.398 19.6968 
258.398 20.1244 
258.398 20.5519 
258.398 20.9795 
258.398 21.407 
258.398 20.5445 
258.398 19.6819 
258.398 18.8194 
258.398 17.9568 
258.398 17.0943 
258.398 16.2317 
258.398 15.3692 
258.398 14.5066 
258.398 13.6441 
258.398 12.7815 
258.398 11.919 
258.398 11.1055 
258.398 10.2919 
258.398 9.47836 
258.398 8.66482 
258.398 7.85127 
258.398 7.03773 
258.398 6.22418 
258.398 5.41064 
258.398 4.59709 
258.398 3.78355 
258.398 2.97 
258.398 3.47509 
258.398 3.98018 
258.398 4.48527 
258.398 4.99036 
258.398 5.49545 
258.398 6.00055 
258.398 6.50564 
258.398 7.01073 
258.398 7.51582 
258.398 8.02091 
258.398 8.526 
258.398 7.95355 
258.398 7.38109 
258.398 6.80864 
258.398 6.23618 
258.398 5.66373 
258.398 5.09127 
258.398 4.51882 
258.398 3.94636 
258.398 3.37391 
258.398 2.80145 
258.398 2.229 
258.398 2.14764 
258.398 2.06627 
258.398 1.98491 
258.398 1.90355 
258.398 1.82218 
258.398 1.74082 
258.398 1.65945 
258.398 1.57809 
258.398 1.49673 
258.398 1.41536 
258.398 1.334 
258.398 1.36773 
258.398 1.40145 
258.398 1.43518 
258.398 1.46891 
258.398 1.50264 
258.398 1.53636 
258.398 1.57009 
258.398 1.60382 
258.398 1.63755 
258.398 1.67127 
258.398 1.705 
258.398 1.61373 
258.398 1.52245 
258.398 1.43118 
258.398 1.33991 
258.398 1.24864 
258.398 1.15736 
258.398 1.06609 
258.398 0.974818 
258.398 0.883545 
258.398 0.792273 

