258.398 9.988 
258.398 11.2927 
258.398 12.5975 
258.398 13.9022 
258.398 15.2069 
258.398 16.5116 
258.398 17.8164 
258.398 19.1211 
258.398 20.4258 
258.398 21.7305 
258.398 23.0353 
258.398 24.34 
258.398 23.4771 
258.398 22.6142 
258.398 21.7513 
258.398 20.8884 
258.398 20.0255 
258.398 19.1625 
258.398 18.2996 
258.398 17.4367 
258.398 16.5738 
258.398 15.7109 
258.398 14.848 
258.398 13.6147 
258.398 12.3815 
258.398 11.1482 
258.398 9.91491 
258.398 8.68164 
258.398 7.44836 
258.398 6.21509 
258.398 4.98182 
258.398 3.74855 
258.398 2.51527 
258.398 1.282 
258.398 2.07473 
258.398 2.86745 
258.398 3.66018 
258.398 4.45291 
258.398 5.24564 
258.398 6.03836 
258.398 6.83109 
258.398 7.62382 
258.398 8.41655 
258.398 9.20927 
258.398 10.002 
258.398 9.47418 
258.398 8.94636 
258.398 8.41855 
258.398 7.89073 
258.398 7.36291 
258.398 6.83509 
258.398 6.30727 
258.398 5.77945 
258.398 5.25164 
258.398 4.72382 
258.398 4.196 
258.398 3.95573 
258.398 3.71545 
258.398 3.47518 
258.398 3.23491 
258.398 2.99464 
258.398 2.75436 
258.398 2.51409 
258.398 2.27382 
258.398 2.03355 
258.398 1.79327 
258.398 1.553 
258.398 1.51391 
258.398 1.47482 
258.398 1.43573 
258.398 1.39664 
258.398 1.35755 
258.398 1.31845 
258.398 1.27936 
258.398 1.24027 
258.398 1.20118 
258.398 1.16209 
258.398 1.123 
258.398 1.06636 
258.398 1.00973 
258.398 0.953091 
258.398 0.896455 
258.398 0.839818 
258.398 0.783182 
258.398 0.726545 
258.398 0.669909 
258.398 0.613273 
258.398 0.556636 

