258.398 15.197 
258.398 15.7444 
258.398 16.2917 
258.398 16.8391 
258.398 17.3865 
258.398 17.9338 
258.398 18.4812 
258.398 19.0285 
258.398 19.5759 
258.398 20.1233 
258.398 20.6706 
258.398 21.218 
258.398 20.5873 
258.398 19.9565 
258.398 19.3258 
258.398 18.6951 
258.398 18.0644 
258.398 17.4336 
258.398 16.8029 
258.398 16.1722 
258.398 15.5415 
258.398 14.9107 
258.398 14.28 
258.398 13.4025 
258.398 12.5249 
258.398 11.6474 
258.398 10.7698 
258.398 9.89227 
258.398 9.01473 
258.398 8.13718 
258.398 7.25964 
258.398 6.38209 
258.398 5.50455 
258.398 4.627 
258.398 4.87436 
258.398 5.12173 
258.398 5.36909 
258.398 5.61645 
258.398 5.86382 
258.398 6.11118 
258.398 6.35855 
258.398 6.60591 
258.398 6.85327 
258.398 7.10064 
258.398 7.348 
258.398 6.91327 
258.398 6.47855 
258.398 6.04382 
258.398 5.60909 
258.398 5.17436 
258.398 4.73964 
258.398 4.30491 
258.398 3.87018 
258.398 3.43545 
258.398 3.00073 
258.398 2.566 
258.398 2.46018 
258.398 2.35436 
258.398 2.24855 
258.398 2.14273 
258.398 2.03691 
258.398 1.93109 
258.398 1.82527 
258.398 1.71945 
258.398 1.61364 
258.398 1.50782 
258.398 1.402 
258.398 1.37282 
258.398 1.34364 
258.398 1.31445 
258.398 1.28527 
258.398 1.25609 
258.398 1.22691 
258.398 1.19773 
258.398 1.16855 
258.398 1.13936 
258.398 1.11018 
258.398 1.081 
258.398 1.03255 
258.398 0.984091 
258.398 0.935636 
258.398 0.887182 
258.398 0.838727 
258.398 0.790273 
258.398 0.741818 
258.398 0.693364 
258.398 0.644909 
258.398 0.596455 

