258.398 10.06 
258.398 11.1935 
258.398 12.3271 
258.398 13.4606 
258.398 14.5942 
258.398 15.7277 
258.398 16.8613 
258.398 17.9948 
258.398 19.1284 
258.398 20.2619 
258.398 21.3955 
258.398 22.529 
258.398 21.9192 
258.398 21.3094 
258.398 20.6995 
258.398 20.0897 
258.398 19.4799 
258.398 18.8701 
258.398 18.2603 
258.398 17.6505 
258.398 17.0406 
258.398 16.4308 
258.398 15.821 
258.398 14.6816 
258.398 13.5423 
258.398 12.4029 
258.398 11.2635 
258.398 10.1242 
258.398 8.98482 
258.398 7.84545 
258.398 6.70609 
258.398 5.56673 
258.398 4.42736 
258.398 3.288 
258.398 4.05073 
258.398 4.81345 
258.398 5.57618 
258.398 6.33891 
258.398 7.10164 
258.398 7.86436 
258.398 8.62709 
258.398 9.38982 
258.398 10.1525 
258.398 10.9153 
258.398 11.678 
258.398 11.0364 
258.398 10.3947 
258.398 9.75309 
258.398 9.11145 
258.398 8.46982 
258.398 7.82818 
258.398 7.18655 
258.398 6.54491 
258.398 5.90327 
258.398 5.26164 
258.398 4.62 
258.398 4.34727 
258.398 4.07455 
258.398 3.80182 
258.398 3.52909 
258.398 3.25636 
258.398 2.98364 
258.398 2.71091 
258.398 2.43818 
258.398 2.16545 
258.398 1.89273 
258.398 1.62 
258.398 1.55664 
258.398 1.49327 
258.398 1.42991 
258.398 1.36655 
258.398 1.30318 
258.398 1.23982 
258.398 1.17645 
258.398 1.11309 
258.398 1.04973 
258.398 0.986364 
258.398 0.923 
258.398 0.899545 
258.398 0.876091 
258.398 0.852636 
258.398 0.829182 
258.398 0.805727 
258.398 0.782273 
258.398 0.758818 
258.398 0.735364 
258.398 0.711909 
258.398 0.688455 

