258.398 11.213 
258.398 12.0316 
258.398 12.8503 
258.398 13.6689 
258.398 14.4875 
258.398 15.3062 
258.398 16.1248 
258.398 16.9435 
258.398 17.7621 
258.398 18.5807 
258.398 19.3994 
258.398 20.218 
258.398 19.6116 
258.398 19.0053 
258.398 18.3989 
258.398 17.7925 
258.398 17.1862 
258.398 16.5798 
258.398 15.9735 
258.398 15.3671 
258.398 14.7607 
258.398 14.1544 
258.398 13.548 
258.398 12.7501 
258.398 11.9522 
258.398 11.1543 
258.398 10.3564 
258.398 9.55845 
258.398 8.76055 
258.398 7.96264 
258.398 7.16473 
258.398 6.36682 
258.398 5.56891 
258.398 4.771 
258.398 5.36291 
258.398 5.95482 
258.398 6.54673 
258.398 7.13864 
258.398 7.73055 
258.398 8.32245 
258.398 8.91436 
258.398 9.50627 
258.398 10.0982 
258.398 10.6901 
258.398 11.282 
258.398 10.6229 
258.398 9.96382 
258.398 9.30473 
258.398 8.64564 
258.398 7.98655 
258.398 7.32745 
258.398 6.66836 
258.398 6.00927 
258.398 5.35018 
258.398 4.69109 
258.398 4.032 
258.398 3.84209 
258.398 3.65218 
258.398 3.46227 
258.398 3.27236 
258.398 3.08245 
258.398 2.89255 
258.398 2.70264 
258.398 2.51273 
258.398 2.32282 
258.398 2.13291 
258.398 1.943 
258.398 1.86573 
258.398 1.78845 
258.398 1.71118 
258.398 1.63391 
258.398 1.55664 
258.398 1.47936 
258.398 1.40209 
258.398 1.32482 
258.398 1.24755 
258.398 1.17027 
258.398 1.093 
258.398 1.05627 
258.398 1.01955 
258.398 0.982818 
258.398 0.946091 
258.398 0.909364 
258.398 0.872636 
258.398 0.835909 
258.398 0.799182 
258.398 0.762455 
258.398 0.725727 

