258.398 9.55 
258.398 10.944 
258.398 12.338 
258.398 13.732 
258.398 15.126 
258.398 16.52 
258.398 17.914 
258.398 19.308 
258.398 20.702 
258.398 22.096 
258.398 23.49 
258.398 24.884 
258.398 23.9715 
258.398 23.0589 
258.398 22.1464 
258.398 21.2338 
258.398 20.3213 
258.398 19.4087 
258.398 18.4962 
258.398 17.5836 
258.398 16.6711 
258.398 15.7585 
258.398 14.846 
258.398 13.7425 
258.398 12.6391 
258.398 11.5356 
258.398 10.4322 
258.398 9.32873 
258.398 8.22527 
258.398 7.12182 
258.398 6.01836 
258.398 4.91491 
258.398 3.81145 
258.398 2.708 
258.398 3.37991 
258.398 4.05182 
258.398 4.72373 
258.398 5.39564 
258.398 6.06755 
258.398 6.73945 
258.398 7.41136 
258.398 8.08327 
258.398 8.75518 
258.398 9.42709 
258.398 10.099 
258.398 9.57891 
258.398 9.05882 
258.398 8.53873 
258.398 8.01864 
258.398 7.49855 
258.398 6.97845 
258.398 6.45836 
258.398 5.93827 
258.398 5.41818 
258.398 4.89809 
258.398 4.378 
258.398 4.133 
258.398 3.888 
258.398 3.643 
258.398 3.398 
258.398 3.153 
258.398 2.908 
258.398 2.663 
258.398 2.418 
258.398 2.173 
258.398 1.928 
258.398 1.683 
258.398 1.59164 
258.398 1.50027 
258.398 1.40891 
258.398 1.31755 
258.398 1.22618 
258.398 1.13482 
258.398 1.04345 
258.398 0.952091 
258.398 0.860727 
258.398 0.769364 
258.398 0.678 
258.398 0.672545 
258.398 0.667091 
258.398 0.661636 
258.398 0.656182 
258.398 0.650727 
258.398 0.645273 
258.398 0.639818 
258.398 0.634364 
258.398 0.628909 
258.398 0.623455 

