258.398 14.669 
258.398 15.498 
258.398 16.327 
258.398 17.156 
258.398 17.985 
258.398 18.814 
258.398 19.643 
258.398 20.472 
258.398 21.301 
258.398 22.13 
258.398 22.959 
258.398 23.788 
258.398 23.3029 
258.398 22.8178 
258.398 22.3327 
258.398 21.8476 
258.398 21.3625 
258.398 20.8775 
258.398 20.3924 
258.398 19.9073 
258.398 19.4222 
258.398 18.9371 
258.398 18.452 
258.398 17.0971 
258.398 15.7422 
258.398 14.3873 
258.398 13.0324 
258.398 11.6775 
258.398 10.3225 
258.398 8.96764 
258.398 7.61273 
258.398 6.25782 
258.398 4.90291 
258.398 3.548 
258.398 4.262 
258.398 4.976 
258.398 5.69 
258.398 6.404 
258.398 7.118 
258.398 7.832 
258.398 8.546 
258.398 9.26 
258.398 9.974 
258.398 10.688 
258.398 11.402 
258.398 10.7223 
258.398 10.0425 
258.398 9.36282 
258.398 8.68309 
258.398 8.00336 
258.398 7.32364 
258.398 6.64391 
258.398 5.96418 
258.398 5.28445 
258.398 4.60473 
258.398 3.925 
258.398 3.68609 
258.398 3.44718 
258.398 3.20827 
258.398 2.96936 
258.398 2.73045 
258.398 2.49155 
258.398 2.25264 
258.398 2.01373 
258.398 1.77482 
258.398 1.53591 
258.398 1.297 
258.398 1.29427 
258.398 1.29155 
258.398 1.28882 
258.398 1.28609 
258.398 1.28336 
258.398 1.28064 
258.398 1.27791 
258.398 1.27518 
258.398 1.27245 
258.398 1.26973 
258.398 1.267 
258.398 1.218 
258.398 1.169 
258.398 1.12 
258.398 1.071 
258.398 1.022 
258.398 0.973 
258.398 0.924 
258.398 0.875 
258.398 0.826 
258.398 0.777 

