258.398 16.948 
258.398 17.2517 
258.398 17.5555 
258.398 17.8592 
258.398 18.1629 
258.398 18.4666 
258.398 18.7704 
258.398 19.0741 
258.398 19.3778 
258.398 19.6815 
258.398 19.9853 
258.398 20.289 
258.398 19.8178 
258.398 19.3466 
258.398 18.8755 
258.398 18.4043 
258.398 17.9331 
258.398 17.4619 
258.398 16.9907 
258.398 16.5195 
258.398 16.0484 
258.398 15.5772 
258.398 15.106 
258.398 13.9175 
258.398 12.7291 
258.398 11.5406 
258.398 10.3522 
258.398 9.16373 
258.398 7.97527 
258.398 6.78682 
258.398 5.59836 
258.398 4.40991 
258.398 3.22145 
258.398 2.033 
258.398 2.54773 
258.398 3.06245 
258.398 3.57718 
258.398 4.09191 
258.398 4.60664 
258.398 5.12136 
258.398 5.63609 
258.398 6.15082 
258.398 6.66555 
258.398 7.18027 
258.398 7.695 
258.398 7.24064 
258.398 6.78627 
258.398 6.33191 
258.398 5.87755 
258.398 5.42318 
258.398 4.96882 
258.398 4.51445 
258.398 4.06009 
258.398 3.60573 
258.398 3.15136 
258.398 2.697 
258.398 2.57764 
258.398 2.45827 
258.398 2.33891 
258.398 2.21955 
258.398 2.10018 
258.398 1.98082 
258.398 1.86145 
258.398 1.74209 
258.398 1.62273 
258.398 1.50336 
258.398 1.384 
258.398 1.38555 
258.398 1.38709 
258.398 1.38864 
258.398 1.39018 
258.398 1.39173 
258.398 1.39327 
258.398 1.39482 
258.398 1.39636 
258.398 1.39791 
258.398 1.39945 
258.398 1.401 
258.398 1.31909 
258.398 1.23718 
258.398 1.15527 
258.398 1.07336 
258.398 0.991455 
258.398 0.909545 
258.398 0.827636 
258.398 0.745727 
258.398 0.663818 
258.398 0.581909 

