258.398 17.474 
258.398 18.0178 
258.398 18.5616 
258.398 19.1055 
258.398 19.6493 
258.398 20.1931 
258.398 20.7369 
258.398 21.2807 
258.398 21.8245 
258.398 22.3684 
258.398 22.9122 
258.398 23.456 
258.398 22.9402 
258.398 22.4244 
258.398 21.9085 
258.398 21.3927 
258.398 20.8769 
258.398 20.3611 
258.398 19.8453 
258.398 19.3295 
258.398 18.8136 
258.398 18.2978 
258.398 17.782 
258.398 16.6407 
258.398 15.4995 
258.398 14.3582 
258.398 13.2169 
258.398 12.0756 
258.398 10.9344 
258.398 9.79309 
258.398 8.65182 
258.398 7.51055 
258.398 6.36927 
258.398 5.228 
258.398 5.568 
258.398 5.908 
258.398 6.248 
258.398 6.588 
258.398 6.928 
258.398 7.268 
258.398 7.608 
258.398 7.948 
258.398 8.288 
258.398 8.628 
258.398 8.968 
258.398 8.47373 
258.398 7.97945 
258.398 7.48518 
258.398 6.99091 
258.398 6.49664 
258.398 6.00236 
258.398 5.50809 
258.398 5.01382 
258.398 4.51955 
258.398 4.02527 
258.398 3.531 
258.398 3.37273 
258.398 3.21445 
258.398 3.05618 
258.398 2.89791 
258.398 2.73964 
258.398 2.58136 
258.398 2.42309 
258.398 2.26482 
258.398 2.10655 
258.398 1.94827 
258.398 1.79 
258.398 1.72955 
258.398 1.66909 
258.398 1.60864 
258.398 1.54818 
258.398 1.48773 
258.398 1.42727 
258.398 1.36682 
258.398 1.30636 
258.398 1.24591 
258.398 1.18545 
258.398 1.125 
258.398 1.08827 
258.398 1.05155 
258.398 1.01482 
258.398 0.978091 
258.398 0.941364 
258.398 0.904636 
258.398 0.867909 
258.398 0.831182 
258.398 0.794455 
258.398 0.757727 

