258.398 14.906 
258.398 15.0112 
258.398 15.1164 
258.398 15.2216 
258.398 15.3268 
258.398 15.4319 
258.398 15.5371 
258.398 15.6423 
258.398 15.7475 
258.398 15.8527 
258.398 15.9579 
258.398 16.0631 
258.398 16.1683 
258.398 16.2734 
258.398 16.3786 
258.398 16.4838 
258.398 16.589 
258.398 16.4451 
258.398 16.3012 
258.398 16.1574 
258.398 16.0135 
258.398 15.8696 
258.398 15.7257 
258.398 15.5819 
258.398 15.438 
258.398 15.2941 
258.398 15.1502 
258.398 15.0064 
258.398 14.8625 
258.398 14.7186 
258.398 14.5748 
258.398 14.4309 
258.398 14.287 
258.398 14.2888 
258.398 14.2905 
258.398 14.2923 
258.398 14.294 
258.398 14.2957 
258.398 14.2975 
258.398 14.2993 
258.398 14.301 
258.398 14.3027 
258.398 14.3045 
258.398 14.3063 
258.398 14.308 
258.398 14.3097 
258.398 14.3115 
258.398 14.3133 
258.398 14.315 
258.398 14.3758 
258.398 14.4365 
258.398 14.4972 
258.398 14.558 
258.398 14.6188 
258.398 14.6795 
258.398 14.7402 
258.398 14.801 
258.398 14.8618 
258.398 14.9225 
258.398 14.9832 
258.398 15.044 
258.398 15.1048 
258.398 15.1655 
258.398 15.2263 
258.398 15.287 
258.398 15.2999 
258.398 15.3129 
258.398 15.3258 
258.398 15.3388 
258.398 15.3517 
258.398 15.3646 
258.398 15.3776 
258.398 15.3905 
258.398 15.4034 
258.398 15.4164 
258.398 15.4293 
258.398 15.4422 
258.398 15.4552 
258.398 15.4681 
258.398 15.4811 
258.398 15.494 
258.398 15.7156 
258.398 15.9372 
258.398 16.1589 
258.398 16.3805 
258.398 16.6021 
258.398 16.8238 
258.398 17.0454 
258.398 17.267 
258.398 17.4886 
258.398 17.7102 
258.398 17.9319 
258.398 18.1535 
258.398 18.3751 
258.398 18.5968 
258.398 18.8184 
258.398 19.04 
258.398 19.1146 
258.398 19.1893 
258.398 19.2639 
258.398 19.3385 
258.398 19.4131 
258.398 19.4877 
258.398 19.5624 
258.398 19.637 
258.398 19.7116 
258.398 19.7863 
258.398 19.8609 
258.398 19.9355 
258.398 20.0101 
258.398 20.0847 
258.398 20.1594 
258.398 20.234 
258.398 20.1545 
258.398 20.075 
258.398 19.9955 
258.398 19.916 
258.398 19.8365 
258.398 19.757 
258.398 19.6775 
258.398 19.598 
258.398 19.5185 
258.398 19.439 
258.398 19.3595 
258.398 19.28 
258.398 19.2005 
258.398 19.121 
258.398 19.0415 

