258.398 16.748 
258.398 16.9494 
258.398 17.1508 
258.398 17.3521 
258.398 17.5535 
258.398 17.7549 
258.398 17.9563 
258.398 18.1576 
258.398 18.359 
258.398 18.5604 
258.398 18.7618 
258.398 18.9631 
258.398 19.1645 
258.398 19.3659 
258.398 19.5673 
258.398 19.7686 
258.398 20.943 
258.398 20.7404 
258.398 20.5379 
258.398 20.3353 
258.398 20.1328 
258.398 19.9302 
258.398 19.7276 
258.398 19.5251 
258.398 19.3225 
258.398 19.1199 
258.398 18.9174 
258.398 18.7148 
258.398 18.5123 
258.398 18.3097 
258.398 18.1071 
258.398 17.9046 
258.398 16.47 
258.398 16.5202 
258.398 16.5705 
258.398 16.6207 
258.398 16.671 
258.398 16.7212 
258.398 16.7715 
258.398 16.8217 
258.398 16.872 
258.398 16.9222 
258.398 16.9725 
258.398 17.0227 
258.398 17.073 
258.398 17.1232 
258.398 17.1735 
258.398 17.2237 
258.398 4.826 
258.398 4.90987 
258.398 4.99375 
258.398 5.07762 
258.398 5.1615 
258.398 5.24537 
258.398 5.32925 
258.398 5.41312 
258.398 5.497 
258.398 5.58087 
258.398 5.66475 
258.398 5.74862 
258.398 5.8325 
258.398 5.91637 
258.398 6.00025 
258.398 6.08412 
258.398 7.556 
258.398 7.38644 
258.398 7.21687 
258.398 7.04731 
258.398 6.87775 
258.398 6.70819 
258.398 6.53863 
258.398 6.36906 
258.398 6.1995 
258.398 6.02994 
258.398 5.86038 
258.398 5.69081 
258.398 5.52125 
258.398 5.35169 
258.398 5.18213 
258.398 5.01256 
258.398 2.222 
258.398 2.55644 
258.398 2.89088 
258.398 3.22531 
258.398 3.55975 
258.398 3.89419 
258.398 4.22863 
258.398 4.56306 
258.398 4.8975 
258.398 5.23194 
258.398 5.56638 
258.398 5.90081 
258.398 6.23525 
258.398 6.56969 
258.398 6.90413 
258.398 7.23856 
258.398 1.291 
258.398 1.275 
258.398 1.259 
258.398 1.243 
258.398 1.227 
258.398 1.211 
258.398 1.195 
258.398 1.179 
258.398 1.163 
258.398 1.147 
258.398 1.131 
258.398 1.115 
258.398 1.099 
258.398 1.083 
258.398 1.067 
258.398 1.051 
258.398 1.477 
258.398 1.25944 
258.398 1.04188 
258.398 0.824313 
258.398 0.60675 
258.398 0.389188 
258.398 0.171625 
258.398 -0.0459375 
258.398 -0.2635 
258.398 -0.481062 
258.398 -0.698625 
258.398 -0.916187 
258.398 -1.13375 
258.398 -1.35131 
258.398 -1.56887 
258.398 -1.78644 

