258.398 9.988 
258.398 10.3116 
258.398 10.6351 
258.398 10.9587 
258.398 11.2822 
258.398 11.6058 
258.398 11.9294 
258.398 12.2529 
258.398 12.5765 
258.398 12.9001 
258.398 13.2236 
258.398 13.5472 
258.398 13.8708 
258.398 14.1943 
258.398 14.5179 
258.398 14.8414 
258.398 24.34 
258.398 24.2896 
258.398 24.2391 
258.398 24.1887 
258.398 24.1382 
258.398 24.0878 
258.398 24.0374 
258.398 23.9869 
258.398 23.9365 
258.398 23.8861 
258.398 23.8356 
258.398 23.7852 
258.398 23.7347 
258.398 23.6843 
258.398 23.6339 
258.398 23.5834 
258.398 14.848 
258.398 14.7381 
258.398 14.6281 
258.398 14.5182 
258.398 14.4083 
258.398 14.2983 
258.398 14.1884 
258.398 14.0784 
258.398 13.9685 
258.398 13.8586 
258.398 13.7486 
258.398 13.6387 
258.398 13.5288 
258.398 13.4188 
258.398 13.3089 
258.398 13.1989 
258.398 1.282 
258.398 1.32463 
258.398 1.36725 
258.398 1.40987 
258.398 1.4525 
258.398 1.49513 
258.398 1.53775 
258.398 1.58038 
258.398 1.623 
258.398 1.66563 
258.398 1.70825 
258.398 1.75088 
258.398 1.7935 
258.398 1.83613 
258.398 1.87875 
258.398 1.92138 
258.398 10.002 
258.398 10.029 
258.398 10.056 
258.398 10.083 
258.398 10.11 
258.398 10.137 
258.398 10.164 
258.398 10.191 
258.398 10.218 
258.398 10.245 
258.398 10.272 
258.398 10.299 
258.398 10.326 
258.398 10.353 
258.398 10.38 
258.398 10.407 
258.398 4.196 
258.398 4.48075 
258.398 4.7655 
258.398 5.05025 
258.398 5.335 
258.398 5.61975 
258.398 5.9045 
258.398 6.18925 
258.398 6.474 
258.398 6.75875 
258.398 7.0435 
258.398 7.32825 
258.398 7.613 
258.398 7.89775 
258.398 8.1825 
258.398 8.46725 
258.398 1.553 
258.398 1.23356 
258.398 0.914125 
258.398 0.594687 
258.398 0.27525 
258.398 -0.0441875 
258.398 -0.363625 
258.398 -0.683063 
258.398 -1.0025 
258.398 -1.32194 
258.398 -1.64138 
258.398 -1.96081 
258.398 -2.28025 
258.398 -2.59969 
258.398 -2.91913 
258.398 -3.23856 
258.398 1.123 
258.398 1.12425 
258.398 1.1255 
258.398 1.12675 
258.398 1.128 
258.398 1.12925 
258.398 1.1305 
258.398 1.13175 
258.398 1.133 
258.398 1.13425 
258.398 1.1355 
258.398 1.13675 
258.398 1.138 
258.398 1.13925 
258.398 1.1405 
258.398 1.14175 

