258.398 15.088 
258.398 15.1591 
258.398 15.2302 
258.398 15.3014 
258.398 15.3725 
258.398 15.4436 
258.398 15.5147 
258.398 15.5859 
258.398 15.657 
258.398 15.7281 
258.398 15.7992 
258.398 15.8704 
258.398 15.9415 
258.398 16.0126 
258.398 16.0837 
258.398 16.1549 
258.398 16.226 
258.398 16.1084 
258.398 15.9909 
258.398 15.8733 
258.398 15.7557 
258.398 15.6382 
258.398 15.5206 
258.398 15.4031 
258.398 15.2855 
258.398 15.1679 
258.398 15.0504 
258.398 14.9328 
258.398 14.8153 
258.398 14.6977 
258.398 14.5801 
258.398 14.4626 
258.398 14.345 
258.398 14.3743 
258.398 14.4036 
258.398 14.4329 
258.398 14.4623 
258.398 14.4916 
258.398 14.5209 
258.398 14.5502 
258.398 14.5795 
258.398 14.6088 
258.398 14.6381 
258.398 14.6674 
258.398 14.6967 
258.398 14.7261 
258.398 14.7554 
258.398 14.7847 
258.398 14.814 
258.398 14.7832 
258.398 14.7524 
258.398 14.7216 
258.398 14.6907 
258.398 14.6599 
258.398 14.6291 
258.398 14.5983 
258.398 14.5675 
258.398 14.5367 
258.398 14.5059 
258.398 14.4751 
258.398 14.4443 
258.398 14.4134 
258.398 14.3826 
258.398 14.3518 
258.398 14.321 
258.398 14.2776 
258.398 14.2342 
258.398 14.1909 
258.398 14.1475 
258.398 14.1041 
258.398 14.0608 
258.398 14.0174 
258.398 13.974 
258.398 13.9306 
258.398 13.8872 
258.398 13.8439 
258.398 13.8005 
258.398 13.7571 
258.398 13.7138 
258.398 13.6704 
258.398 13.627 
258.398 13.9514 
258.398 14.2759 
258.398 14.6003 
258.398 14.9248 
258.398 15.2492 
258.398 15.5736 
258.398 15.8981 
258.398 16.2225 
258.398 16.5469 
258.398 16.8714 
258.398 17.1958 
258.398 17.5203 
258.398 17.8447 
258.398 18.1691 
258.398 18.4936 
258.398 18.818 
258.398 18.8895 
258.398 18.961 
258.398 19.0325 
258.398 19.104 
258.398 19.1755 
258.398 19.247 
258.398 19.3185 
258.398 19.39 
258.398 19.4615 
258.398 19.533 
258.398 19.6045 
258.398 19.676 
258.398 19.7475 
258.398 19.819 
258.398 19.8905 
258.398 19.962 
258.398 19.7284 
258.398 19.4947 
258.398 19.2611 
258.398 19.0275 
258.398 18.7939 
258.398 18.5602 
258.398 18.3266 
258.398 18.093 
258.398 17.8594 
258.398 17.6258 
258.398 17.3921 
258.398 17.1585 
258.398 16.9249 
258.398 16.6913 
258.398 16.4576 

