258.398 13.939 
258.398 14.1136 
258.398 14.2881 
258.398 14.4627 
258.398 14.6372 
258.398 14.8118 
258.398 14.9864 
258.398 15.1609 
258.398 15.3355 
258.398 15.5101 
258.398 15.6846 
258.398 15.8592 
258.398 16.0337 
258.398 16.2083 
258.398 16.3829 
258.398 16.5574 
258.398 16.732 
258.398 16.6006 
258.398 16.4691 
258.398 16.3377 
258.398 16.2063 
258.398 16.0748 
258.398 15.9434 
258.398 15.8119 
258.398 15.6805 
258.398 15.5491 
258.398 15.4176 
258.398 15.2862 
258.398 15.1547 
258.398 15.0233 
258.398 14.8919 
258.398 14.7604 
258.398 14.629 
258.398 14.594 
258.398 14.559 
258.398 14.524 
258.398 14.489 
258.398 14.454 
258.398 14.419 
258.398 14.384 
258.398 14.349 
258.398 14.314 
258.398 14.279 
258.398 14.244 
258.398 14.209 
258.398 14.174 
258.398 14.139 
258.398 14.104 
258.398 14.069 
258.398 14.0688 
258.398 14.0686 
258.398 14.0684 
258.398 14.0683 
258.398 14.0681 
258.398 14.0679 
258.398 14.0677 
258.398 14.0675 
258.398 14.0673 
258.398 14.0671 
258.398 14.0669 
258.398 14.0668 
258.398 14.0666 
258.398 14.0664 
258.398 14.0662 
258.398 14.066 
258.398 14.0381 
258.398 14.0101 
258.398 13.9822 
258.398 13.9543 
258.398 13.9263 
258.398 13.8984 
258.398 13.8704 
258.398 13.8425 
258.398 13.8146 
258.398 13.7866 
258.398 13.7587 
258.398 13.7308 
258.398 13.7028 
258.398 13.6749 
258.398 13.6469 
258.398 13.619 
258.398 13.9703 
258.398 14.3215 
258.398 14.6728 
258.398 15.024 
258.398 15.3752 
258.398 15.7265 
258.398 16.0778 
258.398 16.429 
258.398 16.7803 
258.398 17.1315 
258.398 17.4827 
258.398 17.834 
258.398 18.1852 
258.398 18.5365 
258.398 18.8878 
258.398 19.239 
258.398 19.2162 
258.398 19.1934 
258.398 19.1706 
258.398 19.1478 
258.398 19.1249 
258.398 19.1021 
258.398 19.0793 
258.398 19.0565 
258.398 19.0337 
258.398 19.0109 
258.398 18.9881 
258.398 18.9652 
258.398 18.9424 
258.398 18.9196 
258.398 18.8968 
258.398 18.874 
258.398 18.6992 
258.398 18.5244 
258.398 18.3496 
258.398 18.1747 
258.398 17.9999 
258.398 17.8251 
258.398 17.6503 
258.398 17.4755 
258.398 17.3007 
258.398 17.1259 
258.398 16.9511 
258.398 16.7763 
258.398 16.6014 
258.398 16.4266 
258.398 16.2518 

