258.398 11.213 
258.398 11.7196 
258.398 12.2261 
258.398 12.7327 
258.398 13.2392 
258.398 13.7458 
258.398 14.2524 
258.398 14.7589 
258.398 15.2655 
258.398 15.7721 
258.398 16.2786 
258.398 16.7852 
258.398 17.2918 
258.398 17.7983 
258.398 18.3049 
258.398 18.8114 
258.398 20.218 
258.398 20.1513 
258.398 20.0845 
258.398 20.0177 
258.398 19.951 
258.398 19.8843 
258.398 19.8175 
258.398 19.7508 
258.398 19.684 
258.398 19.6172 
258.398 19.5505 
258.398 19.4838 
258.398 19.417 
258.398 19.3502 
258.398 19.2835 
258.398 19.2168 
258.398 13.548 
258.398 13.2182 
258.398 12.8884 
258.398 12.5586 
258.398 12.2287 
258.398 11.8989 
258.398 11.5691 
258.398 11.2393 
258.398 10.9095 
258.398 10.5797 
258.398 10.2499 
258.398 9.92006 
258.398 9.59025 
258.398 9.26044 
258.398 8.93062 
258.398 8.60081 
258.398 4.771 
258.398 4.88706 
258.398 5.00312 
258.398 5.11919 
258.398 5.23525 
258.398 5.35131 
258.398 5.46738 
258.398 5.58344 
258.398 5.6995 
258.398 5.81556 
258.398 5.93163 
258.398 6.04769 
258.398 6.16375 
258.398 6.27981 
258.398 6.39588 
258.398 6.51194 
258.398 11.282 
258.398 10.9748 
258.398 10.6675 
258.398 10.3603 
258.398 10.053 
258.398 9.74575 
258.398 9.4385 
258.398 9.13125 
258.398 8.824 
258.398 8.51675 
258.398 8.2095 
258.398 7.90225 
258.398 7.595 
258.398 7.28775 
258.398 6.9805 
258.398 6.67325 
258.398 4.032 
258.398 4.5885 
258.398 5.145 
258.398 5.7015 
258.398 6.258 
258.398 6.8145 
258.398 7.371 
258.398 7.9275 
258.398 8.484 
258.398 9.0405 
258.398 9.597 
258.398 10.1535 
258.398 10.71 
258.398 11.2665 
258.398 11.823 
258.398 12.3795 
258.398 1.943 
258.398 1.24381 
258.398 0.544625 
258.398 -0.154563 
258.398 -0.85375 
258.398 -1.55294 
258.398 -2.25213 
258.398 -2.95131 
258.398 -3.6505 
258.398 -4.34969 
258.398 -5.04888 
258.398 -5.74806 
258.398 -6.44725 
258.398 -7.14644 
258.398 -7.84563 
258.398 -8.54481 
258.398 1.093 
258.398 1.17744 
258.398 1.26187 
258.398 1.34631 
258.398 1.43075 
258.398 1.51519 
258.398 1.59963 
258.398 1.68406 
258.398 1.7685 
258.398 1.85294 
258.398 1.93737 
258.398 2.02181 
258.398 2.10625 
258.398 2.19069 
258.398 2.27513 
258.398 2.35956 

