258.398 10.06 
258.398 10.5655 
258.398 11.071 
258.398 11.5765 
258.398 12.082 
258.398 12.5875 
258.398 13.093 
258.398 13.5985 
258.398 14.104 
258.398 14.6095 
258.398 15.115 
258.398 15.6205 
258.398 16.126 
258.398 16.6315 
258.398 17.137 
258.398 17.6425 
258.398 22.529 
258.398 22.4338 
258.398 22.3386 
258.398 22.2434 
258.398 22.1483 
258.398 22.0531 
258.398 21.9579 
258.398 21.8627 
258.398 21.7675 
258.398 21.6723 
258.398 21.5771 
258.398 21.4819 
258.398 21.3867 
258.398 21.2916 
258.398 21.1964 
258.398 21.1012 
258.398 15.821 
258.398 15.5014 
258.398 15.1819 
258.398 14.8623 
258.398 14.5427 
258.398 14.2232 
258.398 13.9036 
258.398 13.5841 
258.398 13.2645 
258.398 12.9449 
258.398 12.6254 
258.398 12.3058 
258.398 11.9863 
258.398 11.6667 
258.398 11.3471 
258.398 11.0276 
258.398 3.288 
258.398 3.34919 
258.398 3.41037 
258.398 3.47156 
258.398 3.53275 
258.398 3.59394 
258.398 3.65512 
258.398 3.71631 
258.398 3.7775 
258.398 3.83869 
258.398 3.89987 
258.398 3.96106 
258.398 4.02225 
258.398 4.08344 
258.398 4.14462 
258.398 4.20581 
258.398 11.678 
258.398 11.4684 
258.398 11.2588 
258.398 11.0491 
258.398 10.8395 
258.398 10.6299 
258.398 10.4203 
258.398 10.2106 
258.398 10.001 
258.398 9.79138 
258.398 9.58175 
258.398 9.37213 
258.398 9.1625 
258.398 8.95288 
258.398 8.74325 
258.398 8.53363 
258.398 4.62 
258.398 5.09731 
258.398 5.57463 
258.398 6.05194 
258.398 6.52925 
258.398 7.00656 
258.398 7.48388 
258.398 7.96119 
258.398 8.4385 
258.398 8.91581 
258.398 9.39313 
258.398 9.87044 
258.398 10.3478 
258.398 10.8251 
258.398 11.3024 
258.398 11.7797 
258.398 1.62 
258.398 1.13544 
258.398 0.650875 
258.398 0.166312 
258.398 -0.31825 
258.398 -0.802813 
258.398 -1.28738 
258.398 -1.77194 
258.398 -2.2565 
258.398 -2.74106 
258.398 -3.22563 
258.398 -3.71019 
258.398 -4.19475 
258.398 -4.67931 
258.398 -5.16388 
258.398 -5.64844 
258.398 0.923 
258.398 0.95475 
258.398 0.9865 
258.398 1.01825 
258.398 1.05 
258.398 1.08175 
258.398 1.1135 
258.398 1.14525 
258.398 1.177 
258.398 1.20875 
258.398 1.2405 
258.398 1.27225 
258.398 1.304 
258.398 1.33575 
258.398 1.3675 
258.398 1.39925 

