258.398 15.271 
258.398 15.4051 
258.398 15.5393 
258.398 15.6734 
258.398 15.8075 
258.398 15.9416 
258.398 16.0757 
258.398 16.2099 
258.398 16.344 
258.398 16.4781 
258.398 16.6123 
258.398 16.7464 
258.398 16.8805 
258.398 17.0146 
258.398 17.1487 
258.398 17.2829 
258.398 17.417 
258.398 17.3018 
258.398 17.1865 
258.398 17.0713 
258.398 16.956 
258.398 16.8407 
258.398 16.7255 
258.398 16.6103 
258.398 16.495 
258.398 16.3798 
258.398 16.2645 
258.398 16.1493 
258.398 16.034 
258.398 15.9188 
258.398 15.8035 
258.398 15.6883 
258.398 15.573 
258.398 15.5419 
258.398 15.5109 
258.398 15.4798 
258.398 15.4488 
258.398 15.4177 
258.398 15.3866 
258.398 15.3556 
258.398 15.3245 
258.398 15.2934 
258.398 15.2624 
258.398 15.2313 
258.398 15.2003 
258.398 15.1692 
258.398 15.1381 
258.398 15.1071 
258.398 15.076 
258.398 15.1441 
258.398 15.2123 
258.398 15.2804 
258.398 15.3485 
258.398 15.4166 
258.398 15.4848 
258.398 15.5529 
258.398 15.621 
258.398 15.6891 
258.398 15.7573 
258.398 15.8254 
258.398 15.8935 
258.398 15.9616 
258.398 16.0297 
258.398 16.0979 
258.398 16.166 
258.398 16.1274 
258.398 16.0888 
258.398 16.0501 
258.398 16.0115 
258.398 15.9729 
258.398 15.9343 
258.398 15.8956 
258.398 15.857 
258.398 15.8184 
258.398 15.7797 
258.398 15.7411 
258.398 15.7025 
258.398 15.6639 
258.398 15.6252 
258.398 15.5866 
258.398 15.548 
258.398 15.7501 
258.398 15.9521 
258.398 16.1542 
258.398 16.3562 
258.398 16.5583 
258.398 16.7604 
258.398 16.9624 
258.398 17.1645 
258.398 17.3666 
258.398 17.5686 
258.398 17.7707 
258.398 17.9727 
258.398 18.1748 
258.398 18.3769 
258.398 18.5789 
258.398 18.781 
258.398 18.8536 
258.398 18.9261 
258.398 18.9987 
258.398 19.0712 
258.398 19.1438 
258.398 19.2164 
258.398 19.2889 
258.398 19.3615 
258.398 19.4341 
258.398 19.5066 
258.398 19.5792 
258.398 19.6517 
258.398 19.7243 
258.398 19.7969 
258.398 19.8694 
258.398 19.942 
258.398 19.9361 
258.398 19.9301 
258.398 19.9242 
258.398 19.9183 
258.398 19.9123 
258.398 19.9064 
258.398 19.9004 
258.398 19.8945 
258.398 19.8886 
258.398 19.8826 
258.398 19.8767 
258.398 19.8708 
258.398 19.8648 
258.398 19.8589 
258.398 19.8529 

