258.398 17.474 
258.398 17.6524 
258.398 17.8308 
258.398 18.0091 
258.398 18.1875 
258.398 18.3659 
258.398 18.5442 
258.398 18.7226 
258.398 18.901 
258.398 19.0794 
258.398 19.2578 
258.398 19.4361 
258.398 19.6145 
258.398 19.7929 
258.398 19.9712 
258.398 20.1496 
258.398 23.456 
258.398 23.3901 
258.398 23.3242 
258.398 23.2584 
258.398 23.1925 
258.398 23.1266 
258.398 23.0607 
258.398 22.9949 
258.398 22.929 
258.398 22.8631 
258.398 22.7973 
258.398 22.7314 
258.398 22.6655 
258.398 22.5996 
258.398 22.5338 
258.398 22.4679 
258.398 17.782 
258.398 17.8109 
258.398 17.8399 
258.398 17.8688 
258.398 17.8977 
258.398 17.9267 
258.398 17.9556 
258.398 17.9846 
258.398 18.0135 
258.398 18.0424 
258.398 18.0714 
258.398 18.1003 
258.398 18.1292 
258.398 18.1582 
258.398 18.1871 
258.398 18.2161 
258.398 5.228 
258.398 5.22275 
258.398 5.2175 
258.398 5.21225 
258.398 5.207 
258.398 5.20175 
258.398 5.1965 
258.398 5.19125 
258.398 5.186 
258.398 5.18075 
258.398 5.1755 
258.398 5.17025 
258.398 5.165 
258.398 5.15975 
258.398 5.1545 
258.398 5.14925 
258.398 8.968 
258.398 9.04669 
258.398 9.12538 
258.398 9.20406 
258.398 9.28275 
258.398 9.36144 
258.398 9.44013 
258.398 9.51881 
258.398 9.5975 
258.398 9.67619 
258.398 9.75487 
258.398 9.83356 
258.398 9.91225 
258.398 9.99094 
258.398 10.0696 
258.398 10.1483 
258.398 3.531 
258.398 3.78575 
258.398 4.0405 
258.398 4.29525 
258.398 4.55 
258.398 4.80475 
258.398 5.0595 
258.398 5.31425 
258.398 5.569 
258.398 5.82375 
258.398 6.0785 
258.398 6.33325 
258.398 6.588 
258.398 6.84275 
258.398 7.0975 
258.398 7.35225 
258.398 1.79 
258.398 1.50994 
258.398 1.22988 
258.398 0.949813 
258.398 0.66975 
258.398 0.389687 
258.398 0.109625 
258.398 -0.170437 
258.398 -0.4505 
258.398 -0.730563 
258.398 -1.01063 
258.398 -1.29069 
258.398 -1.57075 
258.398 -1.85081 
258.398 -2.13087 
258.398 -2.41094 
258.398 1.125 
258.398 1.20856 
258.398 1.29213 
258.398 1.37569 
258.398 1.45925 
258.398 1.54281 
258.398 1.62638 
258.398 1.70994 
258.398 1.7935 
258.398 1.87706 
258.398 1.96063 
258.398 2.04419 
258.398 2.12775 
258.398 2.21131 
258.398 2.29488 
258.398 2.37844 

