172.266 22.791 
172.266 21.2416 
172.266 19.6923 
172.266 18.1429 
172.266 16.5935 
172.266 15.0442 
172.266 13.4948 
172.266 11.9455 
172.266 10.3961 
172.266 8.84673 
172.266 7.29736 
172.266 5.748 
172.266 6.63809 
172.266 7.52818 
172.266 8.41827 
172.266 9.30836 
172.266 10.1985 
172.266 11.0885 
172.266 11.9786 
172.266 12.8687 
172.266 13.7588 
172.266 14.6489 
172.266 15.539 
172.266 14.4969 
172.266 13.4548 
172.266 12.4127 
172.266 11.3706 
172.266 10.3285 
172.266 9.28645 
172.266 8.24436 
172.266 7.20227 
172.266 6.16018 
172.266 5.11809 
172.266 4.076 
172.266 3.96291 
172.266 3.84982 
172.266 3.73673 
172.266 3.62364 
172.266 3.51055 
172.266 3.39745 
172.266 3.28436 
172.266 3.17127 
172.266 3.05818 
172.266 2.94509 
172.266 2.832 
172.266 2.64991 
172.266 2.46782 
172.266 2.28573 
172.266 2.10364 
172.266 1.92155 
172.266 1.73945 
172.266 1.55736 
172.266 1.37527 
172.266 1.19318 
172.266 1.01109 
172.266 0.829 
172.266 0.838273 
172.266 0.847545 
172.266 0.856818 
172.266 0.866091 
172.266 0.875364 
172.266 0.884636 
172.266 0.893909 
172.266 0.903182 
172.266 0.912455 
172.266 0.921727 
172.266 0.931 
172.266 0.937545 
172.266 0.944091 
172.266 0.950636 
172.266 0.957182 
172.266 0.963727 
172.266 0.970273 
172.266 0.976818 
172.266 0.983364 
172.266 0.989909 
172.266 0.996455 
172.266 1.003 
172.266 0.970818 
172.266 0.938636 
172.266 0.906455 
172.266 0.874273 
172.266 0.842091 
172.266 0.809909 
172.266 0.777727 
172.266 0.745545 
172.266 0.713364 
172.266 0.681182 

