172.266 22.694 
172.266 21.4055 
172.266 20.1169 
172.266 18.8284 
172.266 17.5398 
172.266 16.2513 
172.266 14.9627 
172.266 13.6742 
172.266 12.3856 
172.266 11.0971 
172.266 9.80855 
172.266 8.52 
172.266 8.92336 
172.266 9.32673 
172.266 9.73009 
172.266 10.1335 
172.266 10.5368 
172.266 10.9402 
172.266 11.3435 
172.266 11.7469 
172.266 12.1503 
172.266 12.5536 
172.266 12.957 
172.266 12.0996 
172.266 11.2423 
172.266 10.3849 
172.266 9.52755 
172.266 8.67018 
172.266 7.81282 
172.266 6.95545 
172.266 6.09809 
172.266 5.24073 
172.266 4.38336 
172.266 3.526 
172.266 3.29209 
172.266 3.05818 
172.266 2.82427 
172.266 2.59036 
172.266 2.35645 
172.266 2.12255 
172.266 1.88864 
172.266 1.65473 
172.266 1.42082 
172.266 1.18691 
172.266 0.953 
172.266 0.937818 
172.266 0.922636 
172.266 0.907455 
172.266 0.892273 
172.266 0.877091 
172.266 0.861909 
172.266 0.846727 
172.266 0.831545 
172.266 0.816364 
172.266 0.801182 
172.266 0.786 
172.266 0.807364 
172.266 0.828727 
172.266 0.850091 
172.266 0.871455 
172.266 0.892818 
172.266 0.914182 
172.266 0.935545 
172.266 0.956909 
172.266 0.978273 
172.266 0.999636 
172.266 1.021 
172.266 1.01382 
172.266 1.00664 
172.266 0.999455 
172.266 0.992273 
172.266 0.985091 
172.266 0.977909 
172.266 0.970727 
172.266 0.963545 
172.266 0.956364 
172.266 0.949182 
172.266 0.942 
172.266 0.903818 
172.266 0.865636 
172.266 0.827455 
172.266 0.789273 
172.266 0.751091 
172.266 0.712909 
172.266 0.674727 
172.266 0.636545 
172.266 0.598364 
172.266 0.560182 

