172.266 22.671 
172.266 22.0531 
172.266 21.4352 
172.266 20.8173 
172.266 20.1994 
172.266 19.5815 
172.266 18.9635 
172.266 18.3456 
172.266 17.7277 
172.266 17.1098 
172.266 16.4919 
172.266 15.874 
172.266 15.7551 
172.266 15.6362 
172.266 15.5173 
172.266 15.3984 
172.266 15.2795 
172.266 15.1605 
172.266 15.0416 
172.266 14.9227 
172.266 14.8038 
172.266 14.6849 
172.266 14.566 
172.266 13.546 
172.266 12.526 
172.266 11.506 
172.266 10.486 
172.266 9.466 
172.266 8.446 
172.266 7.426 
172.266 6.406 
172.266 5.386 
172.266 4.366 
172.266 3.346 
172.266 3.25355 
172.266 3.16109 
172.266 3.06864 
172.266 2.97618 
172.266 2.88373 
172.266 2.79127 
172.266 2.69882 
172.266 2.60636 
172.266 2.51391 
172.266 2.42145 
172.266 2.329 
172.266 2.24827 
172.266 2.16755 
172.266 2.08682 
172.266 2.00609 
172.266 1.92536 
172.266 1.84464 
172.266 1.76391 
172.266 1.68318 
172.266 1.60245 
172.266 1.52173 
172.266 1.441 
172.266 1.38991 
172.266 1.33882 
172.266 1.28773 
172.266 1.23664 
172.266 1.18555 
172.266 1.13445 
172.266 1.08336 
172.266 1.03227 
172.266 0.981182 
172.266 0.930091 
172.266 0.879 
172.266 0.927636 
172.266 0.976273 
172.266 1.02491 
172.266 1.07355 
172.266 1.12218 
172.266 1.17082 
172.266 1.21945 
172.266 1.26809 
172.266 1.31673 
172.266 1.36536 
172.266 1.414 
172.266 1.33518 
172.266 1.25636 
172.266 1.17755 
172.266 1.09873 
172.266 1.01991 
172.266 0.941091 
172.266 0.862273 
172.266 0.783455 
172.266 0.704636 
172.266 0.625818 

