172.266 21.275 
172.266 20.5824 
172.266 19.8897 
172.266 19.1971 
172.266 18.5045 
172.266 17.8118 
172.266 17.1192 
172.266 16.4265 
172.266 15.7339 
172.266 15.0413 
172.266 14.3486 
172.266 13.656 
172.266 13.4724 
172.266 13.2887 
172.266 13.1051 
172.266 12.9215 
172.266 12.7378 
172.266 12.5542 
172.266 12.3705 
172.266 12.1869 
172.266 12.0033 
172.266 11.8196 
172.266 11.636 
172.266 10.9526 
172.266 10.2693 
172.266 9.58591 
172.266 8.90255 
172.266 8.21918 
172.266 7.53582 
172.266 6.85245 
172.266 6.16909 
172.266 5.48573 
172.266 4.80236 
172.266 4.119 
172.266 3.80582 
172.266 3.49264 
172.266 3.17945 
172.266 2.86627 
172.266 2.55309 
172.266 2.23991 
172.266 1.92673 
172.266 1.61355 
172.266 1.30036 
172.266 0.987182 
172.266 0.674 
172.266 0.696727 
172.266 0.719455 
172.266 0.742182 
172.266 0.764909 
172.266 0.787636 
172.266 0.810364 
172.266 0.833091 
172.266 0.855818 
172.266 0.878545 
172.266 0.901273 
172.266 0.924 
172.266 0.927636 
172.266 0.931273 
172.266 0.934909 
172.266 0.938545 
172.266 0.942182 
172.266 0.945818 
172.266 0.949455 
172.266 0.953091 
172.266 0.956727 
172.266 0.960364 
172.266 0.964 
172.266 0.982727 
172.266 1.00145 
172.266 1.02018 
172.266 1.03891 
172.266 1.05764 
172.266 1.07636 
172.266 1.09509 
172.266 1.11382 
172.266 1.13255 
172.266 1.15127 
172.266 1.17 
172.266 1.12655 
172.266 1.08309 
172.266 1.03964 
172.266 0.996182 
172.266 0.952727 
172.266 0.909273 
172.266 0.865818 
172.266 0.822364 
172.266 0.778909 
172.266 0.735455 

