172.266 24.123 
172.266 23.3927 
172.266 22.6625 
172.266 21.9322 
172.266 21.2019 
172.266 20.4716 
172.266 19.7414 
172.266 19.0111 
172.266 18.2808 
172.266 17.5505 
172.266 16.8203 
172.266 16.09 
172.266 15.8642 
172.266 15.6384 
172.266 15.4125 
172.266 15.1867 
172.266 14.9609 
172.266 14.7351 
172.266 14.5093 
172.266 14.2835 
172.266 14.0576 
172.266 13.8318 
172.266 13.606 
172.266 12.7571 
172.266 11.9082 
172.266 11.0593 
172.266 10.2104 
172.266 9.36145 
172.266 8.51255 
172.266 7.66364 
172.266 6.81473 
172.266 5.96582 
172.266 5.11691 
172.266 4.268 
172.266 4.01545 
172.266 3.76291 
172.266 3.51036 
172.266 3.25782 
172.266 3.00527 
172.266 2.75273 
172.266 2.50018 
172.266 2.24764 
172.266 1.99509 
172.266 1.74255 
172.266 1.49 
172.266 1.43964 
172.266 1.38927 
172.266 1.33891 
172.266 1.28855 
172.266 1.23818 
172.266 1.18782 
172.266 1.13745 
172.266 1.08709 
172.266 1.03673 
172.266 0.986364 
172.266 0.936 
172.266 0.955364 
172.266 0.974727 
172.266 0.994091 
172.266 1.01345 
172.266 1.03282 
172.266 1.05218 
172.266 1.07155 
172.266 1.09091 
172.266 1.11027 
172.266 1.12964 
172.266 1.149 
172.266 1.15464 
172.266 1.16027 
172.266 1.16591 
172.266 1.17155 
172.266 1.17718 
172.266 1.18282 
172.266 1.18845 
172.266 1.19409 
172.266 1.19973 
172.266 1.20536 
172.266 1.211 
172.266 1.14718 
172.266 1.08336 
172.266 1.01955 
172.266 0.955727 
172.266 0.891909 
172.266 0.828091 
172.266 0.764273 
172.266 0.700455 
172.266 0.636636 
172.266 0.572818 

