172.266 22.174 
172.266 20.6975 
172.266 19.2209 
172.266 17.7444 
172.266 16.2678 
172.266 14.7913 
172.266 13.3147 
172.266 11.8382 
172.266 10.3616 
172.266 8.88509 
172.266 7.40855 
172.266 5.932 
172.266 6.776 
172.266 7.62 
172.266 8.464 
172.266 9.308 
172.266 10.152 
172.266 10.996 
172.266 11.84 
172.266 12.684 
172.266 13.528 
172.266 14.372 
172.266 15.216 
172.266 14.2665 
172.266 13.3169 
172.266 12.3674 
172.266 11.4178 
172.266 10.4683 
172.266 9.51873 
172.266 8.56918 
172.266 7.61964 
172.266 6.67009 
172.266 5.72055 
172.266 4.771 
172.266 4.57609 
172.266 4.38118 
172.266 4.18627 
172.266 3.99136 
172.266 3.79645 
172.266 3.60155 
172.266 3.40664 
172.266 3.21173 
172.266 3.01682 
172.266 2.82191 
172.266 2.627 
172.266 2.51009 
172.266 2.39318 
172.266 2.27627 
172.266 2.15936 
172.266 2.04245 
172.266 1.92555 
172.266 1.80864 
172.266 1.69173 
172.266 1.57482 
172.266 1.45791 
172.266 1.341 
172.266 1.31473 
172.266 1.28845 
172.266 1.26218 
172.266 1.23591 
172.266 1.20964 
172.266 1.18336 
172.266 1.15709 
172.266 1.13082 
172.266 1.10455 
172.266 1.07827 
172.266 1.052 
172.266 1.04836 
172.266 1.04473 
172.266 1.04109 
172.266 1.03745 
172.266 1.03382 
172.266 1.03018 
172.266 1.02655 
172.266 1.02291 
172.266 1.01927 
172.266 1.01564 
172.266 1.012 
172.266 0.966727 
172.266 0.921455 
172.266 0.876182 
172.266 0.830909 
172.266 0.785636 
172.266 0.740364 
172.266 0.695091 
172.266 0.649818 
172.266 0.604545 
172.266 0.559273 

