172.266 23.366 
172.266 22.3239 
172.266 21.2818 
172.266 20.2397 
172.266 19.1976 
172.266 18.1555 
172.266 17.1135 
172.266 16.0714 
172.266 15.0293 
172.266 13.9872 
172.266 12.9451 
172.266 11.903 
172.266 12.2332 
172.266 12.5634 
172.266 12.8935 
172.266 13.2237 
172.266 13.5539 
172.266 13.8841 
172.266 14.2143 
172.266 14.5445 
172.266 14.8746 
172.266 15.2048 
172.266 15.535 
172.266 14.5607 
172.266 13.5865 
172.266 12.6122 
172.266 11.6379 
172.266 10.6636 
172.266 9.68936 
172.266 8.71509 
172.266 7.74082 
172.266 6.76655 
172.266 5.79227 
172.266 4.818 
172.266 4.589 
172.266 4.36 
172.266 4.131 
172.266 3.902 
172.266 3.673 
172.266 3.444 
172.266 3.215 
172.266 2.986 
172.266 2.757 
172.266 2.528 
172.266 2.299 
172.266 2.15664 
172.266 2.01427 
172.266 1.87191 
172.266 1.72955 
172.266 1.58718 
172.266 1.44482 
172.266 1.30245 
172.266 1.16009 
172.266 1.01773 
172.266 0.875364 
172.266 0.733 
172.266 0.751818 
172.266 0.770636 
172.266 0.789455 
172.266 0.808273 
172.266 0.827091 
172.266 0.845909 
172.266 0.864727 
172.266 0.883545 
172.266 0.902364 
172.266 0.921182 
172.266 0.94 
172.266 0.976636 
172.266 1.01327 
172.266 1.04991 
172.266 1.08655 
172.266 1.12318 
172.266 1.15982 
172.266 1.19645 
172.266 1.23309 
172.266 1.26973 
172.266 1.30636 
172.266 1.343 
172.266 1.25982 
172.266 1.17664 
172.266 1.09345 
172.266 1.01027 
172.266 0.927091 
172.266 0.843909 
172.266 0.760727 
172.266 0.677545 
172.266 0.594364 
172.266 0.511182 

