172.266 22.454 
172.266 21.556 
172.266 20.658 
172.266 19.76 
172.266 18.862 
172.266 17.964 
172.266 17.066 
172.266 16.168 
172.266 15.27 
172.266 14.372 
172.266 13.474 
172.266 12.576 
172.266 12.549 
172.266 12.522 
172.266 12.495 
172.266 12.468 
172.266 12.441 
172.266 12.414 
172.266 12.387 
172.266 12.36 
172.266 12.333 
172.266 12.306 
172.266 12.279 
172.266 11.5995 
172.266 10.9199 
172.266 10.2404 
172.266 9.56082 
172.266 8.88127 
172.266 8.20173 
172.266 7.52218 
172.266 6.84264 
172.266 6.16309 
172.266 5.48355 
172.266 4.804 
172.266 4.44264 
172.266 4.08127 
172.266 3.71991 
172.266 3.35855 
172.266 2.99718 
172.266 2.63582 
172.266 2.27445 
172.266 1.91309 
172.266 1.55173 
172.266 1.19036 
172.266 0.829 
172.266 0.873091 
172.266 0.917182 
172.266 0.961273 
172.266 1.00536 
172.266 1.04945 
172.266 1.09355 
172.266 1.13764 
172.266 1.18173 
172.266 1.22582 
172.266 1.26991 
172.266 1.314 
172.266 1.28409 
172.266 1.25418 
172.266 1.22427 
172.266 1.19436 
172.266 1.16445 
172.266 1.13455 
172.266 1.10464 
172.266 1.07473 
172.266 1.04482 
172.266 1.01491 
172.266 0.985 
172.266 0.982636 
172.266 0.980273 
172.266 0.977909 
172.266 0.975545 
172.266 0.973182 
172.266 0.970818 
172.266 0.968455 
172.266 0.966091 
172.266 0.963727 
172.266 0.961364 
172.266 0.959 
172.266 0.914 
172.266 0.869 
172.266 0.824 
172.266 0.779 
172.266 0.734 
172.266 0.689 
172.266 0.644 
172.266 0.599 
172.266 0.554 
172.266 0.509 

