172.266 21.584 
172.266 21.063 
172.266 20.542 
172.266 20.021 
172.266 19.5 
172.266 18.979 
172.266 18.458 
172.266 17.937 
172.266 17.416 
172.266 16.895 
172.266 16.374 
172.266 15.853 
172.266 15.3965 
172.266 14.9401 
172.266 14.4836 
172.266 14.0272 
172.266 13.5707 
172.266 13.1143 
172.266 12.6578 
172.266 12.2014 
172.266 11.7449 
172.266 11.2885 
172.266 10.832 
172.266 10.2319 
172.266 9.63182 
172.266 9.03173 
172.266 8.43164 
172.266 7.83155 
172.266 7.23145 
172.266 6.63136 
172.266 6.03127 
172.266 5.43118 
172.266 4.83109 
172.266 4.231 
172.266 4.129 
172.266 4.027 
172.266 3.925 
172.266 3.823 
172.266 3.721 
172.266 3.619 
172.266 3.517 
172.266 3.415 
172.266 3.313 
172.266 3.211 
172.266 3.109 
172.266 2.90264 
172.266 2.69627 
172.266 2.48991 
172.266 2.28355 
172.266 2.07718 
172.266 1.87082 
172.266 1.66445 
172.266 1.45809 
172.266 1.25173 
172.266 1.04536 
172.266 0.839 
172.266 0.852545 
172.266 0.866091 
172.266 0.879636 
172.266 0.893182 
172.266 0.906727 
172.266 0.920273 
172.266 0.933818 
172.266 0.947364 
172.266 0.960909 
172.266 0.974455 
172.266 0.988 
172.266 1.04173 
172.266 1.09545 
172.266 1.14918 
172.266 1.20291 
172.266 1.25664 
172.266 1.31036 
172.266 1.36409 
172.266 1.41782 
172.266 1.47155 
172.266 1.52527 
172.266 1.579 
172.266 1.49855 
172.266 1.41809 
172.266 1.33764 
172.266 1.25718 
172.266 1.17673 
172.266 1.09627 
172.266 1.01582 
172.266 0.935364 
172.266 0.854909 
172.266 0.774455 

