172.266 21.584 
172.266 21.7076 
172.266 21.8313 
172.266 21.9549 
172.266 22.0785 
172.266 22.2021 
172.266 22.3257 
172.266 22.4494 
172.266 22.573 
172.266 22.6966 
172.266 22.8203 
172.266 22.9439 
172.266 23.0675 
172.266 23.1911 
172.266 23.3148 
172.266 23.4384 
172.266 15.853 
172.266 15.7854 
172.266 15.7178 
172.266 15.6501 
172.266 15.5825 
172.266 15.5149 
172.266 15.4473 
172.266 15.3796 
172.266 15.312 
172.266 15.2444 
172.266 15.1768 
172.266 15.1091 
172.266 15.0415 
172.266 14.9739 
172.266 14.9062 
172.266 14.8386 
172.266 10.832 
172.266 10.7855 
172.266 10.739 
172.266 10.6925 
172.266 10.646 
172.266 10.5995 
172.266 10.553 
172.266 10.5065 
172.266 10.46 
172.266 10.4135 
172.266 10.367 
172.266 10.3205 
172.266 10.274 
172.266 10.2275 
172.266 10.181 
172.266 10.1345 
172.266 4.231 
172.266 4.33988 
172.266 4.44875 
172.266 4.55762 
172.266 4.6665 
172.266 4.77538 
172.266 4.88425 
172.266 4.99313 
172.266 5.102 
172.266 5.21087 
172.266 5.31975 
172.266 5.42863 
172.266 5.5375 
172.266 5.64637 
172.266 5.75525 
172.266 5.86412 
172.266 3.109 
172.266 3.04594 
172.266 2.98287 
172.266 2.91981 
172.266 2.85675 
172.266 2.79369 
172.266 2.73062 
172.266 2.66756 
172.266 2.6045 
172.266 2.54144 
172.266 2.47837 
172.266 2.41531 
172.266 2.35225 
172.266 2.28919 
172.266 2.22613 
172.266 2.16306 
172.266 0.839 
172.266 0.848125 
172.266 0.85725 
172.266 0.866375 
172.266 0.8755 
172.266 0.884625 
172.266 0.89375 
172.266 0.902875 
172.266 0.912 
172.266 0.921125 
172.266 0.93025 
172.266 0.939375 
172.266 0.9485 
172.266 0.957625 
172.266 0.96675 
172.266 0.975875 
172.266 0.988 
172.266 1.03731 
172.266 1.08662 
172.266 1.13594 
172.266 1.18525 
172.266 1.23456 
172.266 1.28388 
172.266 1.33319 
172.266 1.3825 
172.266 1.43181 
172.266 1.48113 
172.266 1.53044 
172.266 1.57975 
172.266 1.62906 
172.266 1.67838 
172.266 1.72769 
172.266 1.579 
172.266 1.55669 
172.266 1.53437 
172.266 1.51206 
172.266 1.48975 
172.266 1.46744 
172.266 1.44512 
172.266 1.42281 
172.266 1.4005 
172.266 1.37819 
172.266 1.35587 
172.266 1.33356 
172.266 1.31125 
172.266 1.28894 
172.266 1.26662 
172.266 1.24431 

