172.266 16.728 
172.266 16.8333 
172.266 16.9386 
172.266 17.0439 
172.266 17.1493 
172.266 17.2546 
172.266 17.3599 
172.266 17.4652 
172.266 17.5705 
172.266 17.6758 
172.266 17.7811 
172.266 17.8864 
172.266 17.9918 
172.266 18.0971 
172.266 18.2024 
172.266 18.3077 
172.266 13.401 
172.266 13.3871 
172.266 13.3731 
172.266 13.3592 
172.266 13.3453 
172.266 13.3313 
172.266 13.3174 
172.266 13.3034 
172.266 13.2895 
172.266 13.2756 
172.266 13.2616 
172.266 13.2477 
172.266 13.2338 
172.266 13.2198 
172.266 13.2059 
172.266 13.1919 
172.266 12.289 
172.266 12.2032 
172.266 12.1175 
172.266 12.0317 
172.266 11.946 
172.266 11.8602 
172.266 11.7745 
172.266 11.6887 
172.266 11.603 
172.266 11.5172 
172.266 11.4315 
172.266 11.3457 
172.266 11.26 
172.266 11.1742 
172.266 11.0885 
172.266 11.0027 
172.266 3.559 
172.266 3.64588 
172.266 3.73275 
172.266 3.81963 
172.266 3.9065 
172.266 3.99338 
172.266 4.08025 
172.266 4.16713 
172.266 4.254 
172.266 4.34088 
172.266 4.42775 
172.266 4.51463 
172.266 4.6015 
172.266 4.68838 
172.266 4.77525 
172.266 4.86212 
172.266 4.073 
172.266 3.95769 
172.266 3.84238 
172.266 3.72706 
172.266 3.61175 
172.266 3.49644 
172.266 3.38113 
172.266 3.26581 
172.266 3.1505 
172.266 3.03519 
172.266 2.91988 
172.266 2.80456 
172.266 2.68925 
172.266 2.57394 
172.266 2.45863 
172.266 2.34331 
172.266 2.054 
172.266 2.24481 
172.266 2.43562 
172.266 2.62644 
172.266 2.81725 
172.266 3.00806 
172.266 3.19887 
172.266 3.38969 
172.266 3.5805 
172.266 3.77131 
172.266 3.96212 
172.266 4.15294 
172.266 4.34375 
172.266 4.53456 
172.266 4.72537 
172.266 4.91619 
172.266 1.137 
172.266 0.906562 
172.266 0.676125 
172.266 0.445688 
172.266 0.21525 
172.266 -0.0151875 
172.266 -0.245625 
172.266 -0.476063 
172.266 -0.7065 
172.266 -0.936937 
172.266 -1.16738 
172.266 -1.39781 
172.266 -1.62825 
172.266 -1.85869 
172.266 -2.08913 
172.266 -2.31956 
172.266 0.851 
172.266 0.895625 
172.266 0.94025 
172.266 0.984875 
172.266 1.0295 
172.266 1.07412 
172.266 1.11875 
172.266 1.16337 
172.266 1.208 
172.266 1.25263 
172.266 1.29725 
172.266 1.34187 
172.266 1.3865 
172.266 1.43112 
172.266 1.47575 
172.266 1.52038 

