172.266 2.744 
172.266 2.77531 
172.266 2.80663 
172.266 2.83794 
172.266 2.86925 
172.266 2.90056 
172.266 2.93188 
172.266 2.96319 
172.266 2.9945 
172.266 3.02581 
172.266 3.05713 
172.266 3.08844 
172.266 3.11975 
172.266 3.15106 
172.266 3.18237 
172.266 3.21369 
172.266 3.245 
172.266 3.31062 
172.266 3.37625 
172.266 3.44188 
172.266 3.5075 
172.266 3.57313 
172.266 3.63875 
172.266 3.70438 
172.266 3.77 
172.266 3.83563 
172.266 3.90125 
172.266 3.96687 
172.266 4.0325 
172.266 4.09812 
172.266 4.16375 
172.266 4.22938 
172.266 4.295 
172.266 4.19013 
172.266 4.08525 
172.266 3.98037 
172.266 3.8755 
172.266 3.77062 
172.266 3.66575 
172.266 3.56088 
172.266 3.456 
172.266 3.35112 
172.266 3.24625 
172.266 3.14138 
172.266 3.0365 
172.266 2.93162 
172.266 2.82675 
172.266 2.72187 
172.266 2.617 
172.266 2.64006 
172.266 2.66312 
172.266 2.68619 
172.266 2.70925 
172.266 2.73231 
172.266 2.75537 
172.266 2.77844 
172.266 2.8015 
172.266 2.82456 
172.266 2.84763 
172.266 2.87069 
172.266 2.89375 
172.266 2.91681 
172.266 2.93988 
172.266 2.96294 
172.266 2.986 
172.266 2.93938 
172.266 2.89275 
172.266 2.84613 
172.266 2.7995 
172.266 2.75288 
172.266 2.70625 
172.266 2.65963 
172.266 2.613 
172.266 2.56638 
172.266 2.51975 
172.266 2.47313 
172.266 2.4265 
172.266 2.37988 
172.266 2.33325 
172.266 2.28663 
172.266 2.24 
172.266 2.404 
172.266 2.568 
172.266 2.732 
172.266 2.896 
172.266 3.06 
172.266 3.224 
172.266 3.388 
172.266 3.552 
172.266 3.716 
172.266 3.88 
172.266 4.044 
172.266 4.208 
172.266 4.372 
172.266 4.536 
172.266 4.7 
172.266 4.864 
172.266 4.76275 
172.266 4.6615 
172.266 4.56025 
172.266 4.459 
172.266 4.35775 
172.266 4.2565 
172.266 4.15525 
172.266 4.054 
172.266 3.95275 
172.266 3.8515 
172.266 3.75025 
172.266 3.649 
172.266 3.54775 
172.266 3.4465 
172.266 3.34525 
172.266 3.244 
172.266 3.23425 
172.266 3.2245 
172.266 3.21475 
172.266 3.205 
172.266 3.19525 
172.266 3.1855 
172.266 3.17575 
172.266 3.166 
172.266 3.15625 
172.266 3.1465 
172.266 3.13675 
172.266 3.127 
172.266 3.11725 
172.266 3.1075 
172.266 3.09775 

