172.266 18.703 
172.266 18.8474 
172.266 18.9917 
172.266 19.1361 
172.266 19.2805 
172.266 19.4249 
172.266 19.5693 
172.266 19.7136 
172.266 19.858 
172.266 20.0024 
172.266 20.1468 
172.266 20.2911 
172.266 20.4355 
172.266 20.5799 
172.266 20.7242 
172.266 20.8686 
172.266 18.627 
172.266 18.6103 
172.266 18.5935 
172.266 18.5768 
172.266 18.56 
172.266 18.5433 
172.266 18.5265 
172.266 18.5098 
172.266 18.493 
172.266 18.4763 
172.266 18.4595 
172.266 18.4428 
172.266 18.426 
172.266 18.4093 
172.266 18.3925 
172.266 18.3758 
172.266 11.321 
172.266 11.1979 
172.266 11.0749 
172.266 10.9518 
172.266 10.8287 
172.266 10.7057 
172.266 10.5826 
172.266 10.4596 
172.266 10.3365 
172.266 10.2134 
172.266 10.0904 
172.266 9.96731 
172.266 9.84425 
172.266 9.72119 
172.266 9.59812 
172.266 9.47506 
172.266 4.492 
172.266 4.525 
172.266 4.558 
172.266 4.591 
172.266 4.624 
172.266 4.657 
172.266 4.69 
172.266 4.723 
172.266 4.756 
172.266 4.789 
172.266 4.822 
172.266 4.855 
172.266 4.888 
172.266 4.921 
172.266 4.954 
172.266 4.987 
172.266 2.274 
172.266 2.20856 
172.266 2.14312 
172.266 2.07769 
172.266 2.01225 
172.266 1.94681 
172.266 1.88138 
172.266 1.81594 
172.266 1.7505 
172.266 1.68506 
172.266 1.61963 
172.266 1.55419 
172.266 1.48875 
172.266 1.42331 
172.266 1.35787 
172.266 1.29244 
172.266 2.153 
172.266 2.377 
172.266 2.601 
172.266 2.825 
172.266 3.049 
172.266 3.273 
172.266 3.497 
172.266 3.721 
172.266 3.945 
172.266 4.169 
172.266 4.393 
172.266 4.617 
172.266 4.841 
172.266 5.065 
172.266 5.289 
172.266 5.513 
172.266 1.288 
172.266 1.08038 
172.266 0.87275 
172.266 0.665125 
172.266 0.4575 
172.266 0.249875 
172.266 0.04225 
172.266 -0.165375 
172.266 -0.373 
172.266 -0.580625 
172.266 -0.78825 
172.266 -0.995875 
172.266 -1.2035 
172.266 -1.41112 
172.266 -1.61875 
172.266 -1.82637 
172.266 0.532 
172.266 0.592438 
172.266 0.652875 
172.266 0.713313 
172.266 0.77375 
172.266 0.834187 
172.266 0.894625 
172.266 0.955062 
172.266 1.0155 
172.266 1.07594 
172.266 1.13637 
172.266 1.19681 
172.266 1.25725 
172.266 1.31769 
172.266 1.37812 
172.266 1.43856 

