172.266 22.694 
172.266 22.7323 
172.266 22.7705 
172.266 22.8087 
172.266 22.847 
172.266 22.8852 
172.266 22.9235 
172.266 22.9617 
172.266 23 
172.266 23.0382 
172.266 23.0765 
172.266 23.1147 
172.266 23.153 
172.266 23.1913 
172.266 23.2295 
172.266 23.2677 
172.266 8.52 
172.266 8.44531 
172.266 8.37063 
172.266 8.29594 
172.266 8.22125 
172.266 8.14656 
172.266 8.07188 
172.266 7.99719 
172.266 7.9225 
172.266 7.84781 
172.266 7.77312 
172.266 7.69844 
172.266 7.62375 
172.266 7.54906 
172.266 7.47438 
172.266 7.39969 
172.266 12.957 
172.266 13.0483 
172.266 13.1395 
172.266 13.2308 
172.266 13.322 
172.266 13.4133 
172.266 13.5045 
172.266 13.5958 
172.266 13.687 
172.266 13.7782 
172.266 13.8695 
172.266 13.9608 
172.266 14.052 
172.266 14.1433 
172.266 14.2345 
172.266 14.3258 
172.266 3.526 
172.266 3.45569 
172.266 3.38537 
172.266 3.31506 
172.266 3.24475 
172.266 3.17444 
172.266 3.10412 
172.266 3.03381 
172.266 2.9635 
172.266 2.89319 
172.266 2.82287 
172.266 2.75256 
172.266 2.68225 
172.266 2.61194 
172.266 2.54162 
172.266 2.47131 
172.266 0.953 
172.266 1.01113 
172.266 1.06925 
172.266 1.12738 
172.266 1.1855 
172.266 1.24362 
172.266 1.30175 
172.266 1.35988 
172.266 1.418 
172.266 1.47613 
172.266 1.53425 
172.266 1.59238 
172.266 1.6505 
172.266 1.70863 
172.266 1.76675 
172.266 1.82488 
172.266 0.786 
172.266 0.781125 
172.266 0.77625 
172.266 0.771375 
172.266 0.7665 
172.266 0.761625 
172.266 0.75675 
172.266 0.751875 
172.266 0.747 
172.266 0.742125 
172.266 0.73725 
172.266 0.732375 
172.266 0.7275 
172.266 0.722625 
172.266 0.71775 
172.266 0.712875 
172.266 1.021 
172.266 1.06919 
172.266 1.11738 
172.266 1.16556 
172.266 1.21375 
172.266 1.26194 
172.266 1.31012 
172.266 1.35831 
172.266 1.4065 
172.266 1.45469 
172.266 1.50288 
172.266 1.55106 
172.266 1.59925 
172.266 1.64744 
172.266 1.69563 
172.266 1.74381 
172.266 0.942 
172.266 0.88525 
172.266 0.8285 
172.266 0.77175 
172.266 0.715 
172.266 0.65825 
172.266 0.6015 
172.266 0.54475 
172.266 0.488 
172.266 0.43125 
172.266 0.3745 
172.266 0.31775 
172.266 0.261 
172.266 0.20425 
172.266 0.1475 
172.266 0.09075 

