172.266 23.366 
172.266 23.4037 
172.266 23.4414 
172.266 23.4791 
172.266 23.5167 
172.266 23.5544 
172.266 23.5921 
172.266 23.6298 
172.266 23.6675 
172.266 23.7052 
172.266 23.7429 
172.266 23.7806 
172.266 23.8182 
172.266 23.8559 
172.266 23.8936 
172.266 23.9313 
172.266 11.903 
172.266 11.8748 
172.266 11.8466 
172.266 11.8184 
172.266 11.7903 
172.266 11.7621 
172.266 11.7339 
172.266 11.7057 
172.266 11.6775 
172.266 11.6493 
172.266 11.6211 
172.266 11.5929 
172.266 11.5648 
172.266 11.5366 
172.266 11.5084 
172.266 11.4802 
172.266 15.535 
172.266 15.549 
172.266 15.563 
172.266 15.577 
172.266 15.591 
172.266 15.605 
172.266 15.619 
172.266 15.633 
172.266 15.647 
172.266 15.661 
172.266 15.675 
172.266 15.689 
172.266 15.703 
172.266 15.717 
172.266 15.731 
172.266 15.745 
172.266 4.818 
172.266 4.82612 
172.266 4.83425 
172.266 4.84237 
172.266 4.8505 
172.266 4.85862 
172.266 4.86675 
172.266 4.87487 
172.266 4.883 
172.266 4.89112 
172.266 4.89925 
172.266 4.90737 
172.266 4.9155 
172.266 4.92362 
172.266 4.93175 
172.266 4.93987 
172.266 2.299 
172.266 2.33019 
172.266 2.36137 
172.266 2.39256 
172.266 2.42375 
172.266 2.45494 
172.266 2.48612 
172.266 2.51731 
172.266 2.5485 
172.266 2.57969 
172.266 2.61087 
172.266 2.64206 
172.266 2.67325 
172.266 2.70444 
172.266 2.73562 
172.266 2.76681 
172.266 0.733 
172.266 0.695063 
172.266 0.657125 
172.266 0.619188 
172.266 0.58125 
172.266 0.543313 
172.266 0.505375 
172.266 0.467438 
172.266 0.4295 
172.266 0.391563 
172.266 0.353625 
172.266 0.315688 
172.266 0.27775 
172.266 0.239813 
172.266 0.201875 
172.266 0.163938 
172.266 0.94 
172.266 0.97875 
172.266 1.0175 
172.266 1.05625 
172.266 1.095 
172.266 1.13375 
172.266 1.1725 
172.266 1.21125 
172.266 1.25 
172.266 1.28875 
172.266 1.3275 
172.266 1.36625 
172.266 1.405 
172.266 1.44375 
172.266 1.4825 
172.266 1.52125 
172.266 1.343 
172.266 1.31419 
172.266 1.28537 
172.266 1.25656 
172.266 1.22775 
172.266 1.19894 
172.266 1.17012 
172.266 1.14131 
172.266 1.1125 
172.266 1.08369 
172.266 1.05487 
172.266 1.02606 
172.266 0.99725 
172.266 0.968437 
172.266 0.939625 
172.266 0.910812 

