172.266 2.947 
172.266 2.97669 
172.266 3.00638 
172.266 3.03606 
172.266 3.06575 
172.266 3.09544 
172.266 3.12513 
172.266 3.15481 
172.266 3.1845 
172.266 3.21419 
172.266 3.24388 
172.266 3.27356 
172.266 3.30325 
172.266 3.33294 
172.266 3.36262 
172.266 3.39231 
172.266 3.422 
172.266 3.35263 
172.266 3.28325 
172.266 3.21388 
172.266 3.1445 
172.266 3.07512 
172.266 3.00575 
172.266 2.93637 
172.266 2.867 
172.266 2.79763 
172.266 2.72825 
172.266 2.65888 
172.266 2.5895 
172.266 2.52013 
172.266 2.45075 
172.266 2.38137 
172.266 2.312 
172.266 2.34237 
172.266 2.37275 
172.266 2.40312 
172.266 2.4335 
172.266 2.46387 
172.266 2.49425 
172.266 2.52462 
172.266 2.555 
172.266 2.58537 
172.266 2.61575 
172.266 2.64613 
172.266 2.6765 
172.266 2.70688 
172.266 2.73725 
172.266 2.76762 
172.266 2.798 
172.266 2.81306 
172.266 2.82812 
172.266 2.84319 
172.266 2.85825 
172.266 2.87331 
172.266 2.88837 
172.266 2.90344 
172.266 2.9185 
172.266 2.93356 
172.266 2.94863 
172.266 2.96369 
172.266 2.97875 
172.266 2.99381 
172.266 3.00888 
172.266 3.02394 
172.266 3.039 
172.266 3.07006 
172.266 3.10113 
172.266 3.13219 
172.266 3.16325 
172.266 3.19431 
172.266 3.22538 
172.266 3.25644 
172.266 3.2875 
172.266 3.31856 
172.266 3.34963 
172.266 3.38069 
172.266 3.41175 
172.266 3.44281 
172.266 3.47388 
172.266 3.50494 
172.266 3.536 
172.266 3.58906 
172.266 3.64213 
172.266 3.69519 
172.266 3.74825 
172.266 3.80131 
172.266 3.85438 
172.266 3.90744 
172.266 3.9605 
172.266 4.01356 
172.266 4.06663 
172.266 4.11969 
172.266 4.17275 
172.266 4.22581 
172.266 4.27887 
172.266 4.33194 
172.266 4.385 
172.266 4.38725 
172.266 4.3895 
172.266 4.39175 
172.266 4.394 
172.266 4.39625 
172.266 4.3985 
172.266 4.40075 
172.266 4.403 
172.266 4.40525 
172.266 4.4075 
172.266 4.40975 
172.266 4.412 
172.266 4.41425 
172.266 4.4165 
172.266 4.41875 
172.266 4.421 
172.266 4.43744 
172.266 4.45388 
172.266 4.47031 
172.266 4.48675 
172.266 4.50319 
172.266 4.51963 
172.266 4.53606 
172.266 4.5525 
172.266 4.56894 
172.266 4.58537 
172.266 4.60181 
172.266 4.61825 
172.266 4.63469 
172.266 4.65113 
172.266 4.66756 

