172.266 2.408 
172.266 2.49713 
172.266 2.58625 
172.266 2.67537 
172.266 2.7645 
172.266 2.85363 
172.266 2.94275 
172.266 3.03187 
172.266 3.121 
172.266 3.21013 
172.266 3.29925 
172.266 3.38837 
172.266 3.4775 
172.266 3.56663 
172.266 3.65575 
172.266 3.74487 
172.266 3.834 
172.266 3.78075 
172.266 3.7275 
172.266 3.67425 
172.266 3.621 
172.266 3.56775 
172.266 3.5145 
172.266 3.46125 
172.266 3.408 
172.266 3.35475 
172.266 3.3015 
172.266 3.24825 
172.266 3.195 
172.266 3.14175 
172.266 3.0885 
172.266 3.03525 
172.266 2.982 
172.266 2.95231 
172.266 2.92263 
172.266 2.89294 
172.266 2.86325 
172.266 2.83356 
172.266 2.80388 
172.266 2.77419 
172.266 2.7445 
172.266 2.71481 
172.266 2.68513 
172.266 2.65544 
172.266 2.62575 
172.266 2.59606 
172.266 2.56638 
172.266 2.53669 
172.266 2.507 
172.266 2.57262 
172.266 2.63825 
172.266 2.70388 
172.266 2.7695 
172.266 2.83513 
172.266 2.90075 
172.266 2.96638 
172.266 3.032 
172.266 3.09762 
172.266 3.16325 
172.266 3.22887 
172.266 3.2945 
172.266 3.36013 
172.266 3.42575 
172.266 3.49137 
172.266 3.557 
172.266 3.56525 
172.266 3.5735 
172.266 3.58175 
172.266 3.59 
172.266 3.59825 
172.266 3.6065 
172.266 3.61475 
172.266 3.623 
172.266 3.63125 
172.266 3.6395 
172.266 3.64775 
172.266 3.656 
172.266 3.66425 
172.266 3.6725 
172.266 3.68075 
172.266 3.689 
172.266 3.6585 
172.266 3.628 
172.266 3.5975 
172.266 3.567 
172.266 3.5365 
172.266 3.506 
172.266 3.4755 
172.266 3.445 
172.266 3.4145 
172.266 3.384 
172.266 3.3535 
172.266 3.323 
172.266 3.2925 
172.266 3.262 
172.266 3.2315 
172.266 3.201 
172.266 3.25481 
172.266 3.30863 
172.266 3.36244 
172.266 3.41625 
172.266 3.47006 
172.266 3.52388 
172.266 3.57769 
172.266 3.6315 
172.266 3.68531 
172.266 3.73913 
172.266 3.79294 
172.266 3.84675 
172.266 3.90056 
172.266 3.95438 
172.266 4.00819 
172.266 4.062 
172.266 4.04069 
172.266 4.01938 
172.266 3.99806 
172.266 3.97675 
172.266 3.95544 
172.266 3.93413 
172.266 3.91281 
172.266 3.8915 
172.266 3.87019 
172.266 3.84888 
172.266 3.82756 
172.266 3.80625 
172.266 3.78494 
172.266 3.76363 
172.266 3.74231 

