172.266 17.37 
172.266 17.5047 
172.266 17.6394 
172.266 17.7741 
172.266 17.9088 
172.266 18.0434 
172.266 18.1781 
172.266 18.3128 
172.266 18.4475 
172.266 18.5822 
172.266 18.7169 
172.266 18.8516 
172.266 18.9863 
172.266 19.1209 
172.266 19.2556 
172.266 19.3903 
172.266 7.175 
172.266 7.15006 
172.266 7.12512 
172.266 7.10019 
172.266 7.07525 
172.266 7.05031 
172.266 7.02537 
172.266 7.00044 
172.266 6.9755 
172.266 6.95056 
172.266 6.92563 
172.266 6.90069 
172.266 6.87575 
172.266 6.85081 
172.266 6.82587 
172.266 6.80094 
172.266 6.952 
172.266 6.84931 
172.266 6.74662 
172.266 6.64394 
172.266 6.54125 
172.266 6.43856 
172.266 6.33587 
172.266 6.23319 
172.266 6.1305 
172.266 6.02781 
172.266 5.92512 
172.266 5.82244 
172.266 5.71975 
172.266 5.61706 
172.266 5.51438 
172.266 5.41169 
172.266 3.636 
172.266 3.67925 
172.266 3.7225 
172.266 3.76575 
172.266 3.809 
172.266 3.85225 
172.266 3.8955 
172.266 3.93875 
172.266 3.982 
172.266 4.02525 
172.266 4.0685 
172.266 4.11175 
172.266 4.155 
172.266 4.19825 
172.266 4.2415 
172.266 4.28475 
172.266 2.578 
172.266 2.47606 
172.266 2.37412 
172.266 2.27219 
172.266 2.17025 
172.266 2.06831 
172.266 1.96637 
172.266 1.86444 
172.266 1.7625 
172.266 1.66056 
172.266 1.55862 
172.266 1.45669 
172.266 1.35475 
172.266 1.25281 
172.266 1.15088 
172.266 1.04894 
172.266 1.535 
172.266 1.66087 
172.266 1.78675 
172.266 1.91262 
172.266 2.0385 
172.266 2.16437 
172.266 2.29025 
172.266 2.41613 
172.266 2.542 
172.266 2.66787 
172.266 2.79375 
172.266 2.91962 
172.266 3.0455 
172.266 3.17137 
172.266 3.29725 
172.266 3.42312 
172.266 1.466 
172.266 1.31125 
172.266 1.1565 
172.266 1.00175 
172.266 0.847 
172.266 0.69225 
172.266 0.5375 
172.266 0.38275 
172.266 0.228 
172.266 0.07325 
172.266 -0.0815 
172.266 -0.23625 
172.266 -0.391 
172.266 -0.54575 
172.266 -0.7005 
172.266 -0.85525 
172.266 0.987 
172.266 0.981375 
172.266 0.97575 
172.266 0.970125 
172.266 0.9645 
172.266 0.958875 
172.266 0.95325 
172.266 0.947625 
172.266 0.942 
172.266 0.936375 
172.266 0.93075 
172.266 0.925125 
172.266 0.9195 
172.266 0.913875 
172.266 0.90825 
172.266 0.902625 

