430.664 3.084 
430.664 3.076 
430.664 3.068 
430.664 3.06 
430.664 3.052 
430.664 3.044 
430.664 3.036 
430.664 3.028 
430.664 3.02 
430.664 3.012 
430.664 3.004 
430.664 2.996 
430.664 3.365 
430.664 3.734 
430.664 4.103 
430.664 4.472 
430.664 4.841 
430.664 5.21 
430.664 5.579 
430.664 5.948 
430.664 6.317 
430.664 6.686 
430.664 7.055 
430.664 8.60555 
430.664 10.1561 
430.664 11.7066 
430.664 13.2572 
430.664 14.8077 
430.664 16.3583 
430.664 17.9088 
430.664 19.4594 
430.664 21.0099 
430.664 22.5605 
430.664 24.111 
430.664 22.4643 
430.664 20.8175 
430.664 19.1708 
430.664 17.5241 
430.664 15.8774 
430.664 14.2306 
430.664 12.5839 
430.664 10.9372 
430.664 9.29045 
430.664 7.64373 
430.664 5.997 
430.664 5.81182 
430.664 5.62664 
430.664 5.44145 
430.664 5.25627 
430.664 5.07109 
430.664 4.88591 
430.664 4.70073 
430.664 4.51555 
430.664 4.33036 
430.664 4.14518 
430.664 3.96 
430.664 4.91973 
430.664 5.87945 
430.664 6.83918 
430.664 7.79891 
430.664 8.75864 
430.664 9.71836 
430.664 10.6781 
430.664 11.6378 
430.664 12.5975 
430.664 13.5573 
430.664 14.517 
430.664 13.4111 
430.664 12.3052 
430.664 11.1993 
430.664 10.0934 
430.664 8.98745 
430.664 7.88155 
430.664 6.77564 
430.664 5.66973 
430.664 4.56382 
430.664 3.45791 
430.664 2.352 
430.664 2.20255 
430.664 2.05309 
430.664 1.90364 
430.664 1.75418 
430.664 1.60473 
430.664 1.45527 
430.664 1.30582 
430.664 1.15636 
430.664 1.00691 
430.664 0.857455 

