430.664 5.53 
430.664 5.35555 
430.664 5.18109 
430.664 5.00664 
430.664 4.83218 
430.664 4.65773 
430.664 4.48327 
430.664 4.30882 
430.664 4.13436 
430.664 3.95991 
430.664 3.78545 
430.664 3.611 
430.664 3.95627 
430.664 4.30155 
430.664 4.64682 
430.664 4.99209 
430.664 5.33736 
430.664 5.68264 
430.664 6.02791 
430.664 6.37318 
430.664 6.71845 
430.664 7.06373 
430.664 7.409 
430.664 8.67855 
430.664 9.94809 
430.664 11.2176 
430.664 12.4872 
430.664 13.7567 
430.664 15.0263 
430.664 16.2958 
430.664 17.5654 
430.664 18.8349 
430.664 20.1045 
430.664 21.374 
430.664 19.898 
430.664 18.422 
430.664 16.946 
430.664 15.47 
430.664 13.994 
430.664 12.518 
430.664 11.042 
430.664 9.566 
430.664 8.09 
430.664 6.614 
430.664 5.138 
430.664 4.98409 
430.664 4.83018 
430.664 4.67627 
430.664 4.52236 
430.664 4.36845 
430.664 4.21455 
430.664 4.06064 
430.664 3.90673 
430.664 3.75282 
430.664 3.59891 
430.664 3.445 
430.664 4.46291 
430.664 5.48082 
430.664 6.49873 
430.664 7.51664 
430.664 8.53455 
430.664 9.55245 
430.664 10.5704 
430.664 11.5883 
430.664 12.6062 
430.664 13.6241 
430.664 14.642 
430.664 13.5324 
430.664 12.4227 
430.664 11.3131 
430.664 10.2035 
430.664 9.09382 
430.664 7.98418 
430.664 6.87455 
430.664 5.76491 
430.664 4.65527 
430.664 3.54564 
430.664 2.436 
430.664 2.28082 
430.664 2.12564 
430.664 1.97045 
430.664 1.81527 
430.664 1.66009 
430.664 1.50491 
430.664 1.34973 
430.664 1.19455 
430.664 1.03936 
430.664 0.884182 

