430.664 6.193 
430.664 6.10573 
430.664 6.01845 
430.664 5.93118 
430.664 5.84391 
430.664 5.75664 
430.664 5.66936 
430.664 5.58209 
430.664 5.49482 
430.664 5.40755 
430.664 5.32027 
430.664 5.233 
430.664 5.74909 
430.664 6.26518 
430.664 6.78127 
430.664 7.29736 
430.664 7.81345 
430.664 8.32955 
430.664 8.84564 
430.664 9.36173 
430.664 9.87782 
430.664 10.3939 
430.664 10.91 
430.664 11.9595 
430.664 13.0089 
430.664 14.0584 
430.664 15.1078 
430.664 16.1573 
430.664 17.2067 
430.664 18.2562 
430.664 19.3056 
430.664 20.3551 
430.664 21.4045 
430.664 22.454 
430.664 20.8835 
430.664 19.3131 
430.664 17.7426 
430.664 16.1722 
430.664 14.6017 
430.664 13.0313 
430.664 11.4608 
430.664 9.89036 
430.664 8.31991 
430.664 6.74945 
430.664 5.179 
430.664 5.01855 
430.664 4.85809 
430.664 4.69764 
430.664 4.53718 
430.664 4.37673 
430.664 4.21627 
430.664 4.05582 
430.664 3.89536 
430.664 3.73491 
430.664 3.57445 
430.664 3.414 
430.664 4.37027 
430.664 5.32655 
430.664 6.28282 
430.664 7.23909 
430.664 8.19536 
430.664 9.15164 
430.664 10.1079 
430.664 11.0642 
430.664 12.0205 
430.664 12.9767 
430.664 13.933 
430.664 12.9001 
430.664 11.8672 
430.664 10.8343 
430.664 9.80136 
430.664 8.76845 
430.664 7.73555 
430.664 6.70264 
430.664 5.66973 
430.664 4.63682 
430.664 3.60391 
430.664 2.571 
430.664 2.42009 
430.664 2.26918 
430.664 2.11827 
430.664 1.96736 
430.664 1.81645 
430.664 1.66555 
430.664 1.51464 
430.664 1.36373 
430.664 1.21282 
430.664 1.06191 

