430.664 4.128 
430.664 4.37627 
430.664 4.62455 
430.664 4.87282 
430.664 5.12109 
430.664 5.36936 
430.664 5.61764 
430.664 5.86591 
430.664 6.11418 
430.664 6.36245 
430.664 6.61073 
430.664 6.859 
430.664 7.16464 
430.664 7.47027 
430.664 7.77591 
430.664 8.08155 
430.664 8.38718 
430.664 8.69282 
430.664 8.99845 
430.664 9.30409 
430.664 9.60973 
430.664 9.91536 
430.664 10.221 
430.664 11.4344 
430.664 12.6477 
430.664 13.8611 
430.664 15.0745 
430.664 16.2878 
430.664 17.5012 
430.664 18.7145 
430.664 19.9279 
430.664 21.1413 
430.664 22.3546 
430.664 23.568 
430.664 21.8915 
430.664 20.2149 
430.664 18.5384 
430.664 16.8618 
430.664 15.1853 
430.664 13.5087 
430.664 11.8322 
430.664 10.1556 
430.664 8.47909 
430.664 6.80255 
430.664 5.126 
430.664 5.02527 
430.664 4.92455 
430.664 4.82382 
430.664 4.72309 
430.664 4.62236 
430.664 4.52164 
430.664 4.42091 
430.664 4.32018 
430.664 4.21945 
430.664 4.11873 
430.664 4.018 
430.664 4.97491 
430.664 5.93182 
430.664 6.88873 
430.664 7.84564 
430.664 8.80255 
430.664 9.75945 
430.664 10.7164 
430.664 11.6733 
430.664 12.6302 
430.664 13.5871 
430.664 14.544 
430.664 13.4147 
430.664 12.2855 
430.664 11.1562 
430.664 10.0269 
430.664 8.89764 
430.664 7.76836 
430.664 6.63909 
430.664 5.50982 
430.664 4.38055 
430.664 3.25127 
430.664 2.122 
430.664 2.00591 
430.664 1.88982 
430.664 1.77373 
430.664 1.65764 
430.664 1.54155 
430.664 1.42545 
430.664 1.30936 
430.664 1.19327 
430.664 1.07718 
430.664 0.961091 

