430.664 3.732 
430.664 3.65282 
430.664 3.57364 
430.664 3.49445 
430.664 3.41527 
430.664 3.33609 
430.664 3.25691 
430.664 3.17773 
430.664 3.09855 
430.664 3.01936 
430.664 2.94018 
430.664 2.861 
430.664 4.047 
430.664 5.233 
430.664 6.419 
430.664 7.605 
430.664 8.791 
430.664 9.977 
430.664 11.163 
430.664 12.349 
430.664 13.535 
430.664 14.721 
430.664 15.907 
430.664 16.4765 
430.664 17.0461 
430.664 17.6156 
430.664 18.1852 
430.664 18.7547 
430.664 19.3243 
430.664 19.8938 
430.664 20.4634 
430.664 21.0329 
430.664 21.6025 
430.664 22.172 
430.664 20.7363 
430.664 19.3005 
430.664 17.8648 
430.664 16.4291 
430.664 14.9934 
430.664 13.5576 
430.664 12.1219 
430.664 10.6862 
430.664 9.25045 
430.664 7.81473 
430.664 6.379 
430.664 6.16509 
430.664 5.95118 
430.664 5.73727 
430.664 5.52336 
430.664 5.30945 
430.664 5.09555 
430.664 4.88164 
430.664 4.66773 
430.664 4.45382 
430.664 4.23991 
430.664 4.026 
430.664 5.26673 
430.664 6.50745 
430.664 7.74818 
430.664 8.98891 
430.664 10.2296 
430.664 11.4704 
430.664 12.7111 
430.664 13.9518 
430.664 15.1925 
430.664 16.4333 
430.664 17.674 
430.664 16.175 
430.664 14.676 
430.664 13.177 
430.664 11.678 
430.664 10.179 
430.664 8.68 
430.664 7.181 
430.664 5.682 
430.664 4.183 
430.664 2.684 
430.664 1.185 
430.664 1.14845 
430.664 1.11191 
430.664 1.07536 
430.664 1.03882 
430.664 1.00227 
430.664 0.965727 
430.664 0.929182 
430.664 0.892636 
430.664 0.856091 
430.664 0.819545 

