430.664 4.839 
430.664 4.88955 
430.664 4.94009 
430.664 4.99064 
430.664 5.04118 
430.664 5.09173 
430.664 5.14227 
430.664 5.19282 
430.664 5.24336 
430.664 5.29391 
430.664 5.34445 
430.664 5.395 
430.664 5.55773 
430.664 5.72045 
430.664 5.88318 
430.664 6.04591 
430.664 6.20864 
430.664 6.37136 
430.664 6.53409 
430.664 6.69682 
430.664 6.85955 
430.664 7.02227 
430.664 7.185 
430.664 8.43236 
430.664 9.67973 
430.664 10.9271 
430.664 12.1745 
430.664 13.4218 
430.664 14.6692 
430.664 15.9165 
430.664 17.1639 
430.664 18.4113 
430.664 19.6586 
430.664 20.906 
430.664 19.4842 
430.664 18.0624 
430.664 16.6405 
430.664 15.2187 
430.664 13.7969 
430.664 12.3751 
430.664 10.9533 
430.664 9.53145 
430.664 8.10964 
430.664 6.68782 
430.664 5.266 
430.664 5.07545 
430.664 4.88491 
430.664 4.69436 
430.664 4.50382 
430.664 4.31327 
430.664 4.12273 
430.664 3.93218 
430.664 3.74164 
430.664 3.55109 
430.664 3.36055 
430.664 3.17 
430.664 4.19545 
430.664 5.22091 
430.664 6.24636 
430.664 7.27182 
430.664 8.29727 
430.664 9.32273 
430.664 10.3482 
430.664 11.3736 
430.664 12.3991 
430.664 13.4245 
430.664 14.45 
430.664 13.3319 
430.664 12.2138 
430.664 11.0957 
430.664 9.97764 
430.664 8.85955 
430.664 7.74145 
430.664 6.62336 
430.664 5.50527 
430.664 4.38718 
430.664 3.26909 
430.664 2.151 
430.664 2.00709 
430.664 1.86318 
430.664 1.71927 
430.664 1.57536 
430.664 1.43145 
430.664 1.28755 
430.664 1.14364 
430.664 0.999727 
430.664 0.855818 
430.664 0.711909 

