430.664 3.607 
430.664 3.7 
430.664 3.793 
430.664 3.886 
430.664 3.979 
430.664 4.072 
430.664 4.165 
430.664 4.258 
430.664 4.351 
430.664 4.444 
430.664 4.537 
430.664 4.63 
430.664 5.405 
430.664 6.18 
430.664 6.955 
430.664 7.73 
430.664 8.505 
430.664 9.28 
430.664 10.055 
430.664 10.83 
430.664 11.605 
430.664 12.38 
430.664 13.155 
430.664 13.8417 
430.664 14.5285 
430.664 15.2152 
430.664 15.9019 
430.664 16.5886 
430.664 17.2754 
430.664 17.9621 
430.664 18.6488 
430.664 19.3355 
430.664 20.0223 
430.664 20.709 
430.664 19.3681 
430.664 18.0272 
430.664 16.6863 
430.664 15.3454 
430.664 14.0045 
430.664 12.6635 
430.664 11.3226 
430.664 9.98173 
430.664 8.64082 
430.664 7.29991 
430.664 5.959 
430.664 5.755 
430.664 5.551 
430.664 5.347 
430.664 5.143 
430.664 4.939 
430.664 4.735 
430.664 4.531 
430.664 4.327 
430.664 4.123 
430.664 3.919 
430.664 3.715 
430.664 4.63391 
430.664 5.55282 
430.664 6.47173 
430.664 7.39064 
430.664 8.30955 
430.664 9.22845 
430.664 10.1474 
430.664 11.0663 
430.664 11.9852 
430.664 12.9041 
430.664 13.823 
430.664 12.7585 
430.664 11.6939 
430.664 10.6294 
430.664 9.56482 
430.664 8.50027 
430.664 7.43573 
430.664 6.37118 
430.664 5.30664 
430.664 4.24209 
430.664 3.17755 
430.664 2.113 
430.664 1.99218 
430.664 1.87136 
430.664 1.75055 
430.664 1.62973 
430.664 1.50891 
430.664 1.38809 
430.664 1.26727 
430.664 1.14645 
430.664 1.02564 
430.664 0.904818 

