430.664 3.215 
430.664 3.31273 
430.664 3.41045 
430.664 3.50818 
430.664 3.60591 
430.664 3.70364 
430.664 3.80136 
430.664 3.89909 
430.664 3.99682 
430.664 4.09455 
430.664 4.19227 
430.664 4.29 
430.664 4.83718 
430.664 5.38436 
430.664 5.93155 
430.664 6.47873 
430.664 7.02591 
430.664 7.57309 
430.664 8.12027 
430.664 8.66745 
430.664 9.21464 
430.664 9.76182 
430.664 10.309 
430.664 11.3476 
430.664 12.3863 
430.664 13.4249 
430.664 14.4635 
430.664 15.5022 
430.664 16.5408 
430.664 17.5795 
430.664 18.6181 
430.664 19.6567 
430.664 20.6954 
430.664 21.734 
430.664 20.2981 
430.664 18.8622 
430.664 17.4263 
430.664 15.9904 
430.664 14.5545 
430.664 13.1185 
430.664 11.6826 
430.664 10.2467 
430.664 8.81082 
430.664 7.37491 
430.664 5.939 
430.664 5.69191 
430.664 5.44482 
430.664 5.19773 
430.664 4.95064 
430.664 4.70355 
430.664 4.45645 
430.664 4.20936 
430.664 3.96227 
430.664 3.71518 
430.664 3.46809 
430.664 3.221 
430.664 4.26973 
430.664 5.31845 
430.664 6.36718 
430.664 7.41591 
430.664 8.46464 
430.664 9.51336 
430.664 10.5621 
430.664 11.6108 
430.664 12.6595 
430.664 13.7083 
430.664 14.757 
430.664 13.6062 
430.664 12.4554 
430.664 11.3045 
430.664 10.1537 
430.664 9.00291 
430.664 7.85209 
430.664 6.70127 
430.664 5.55045 
430.664 4.39964 
430.664 3.24882 
430.664 2.098 
430.664 1.97255 
430.664 1.84709 
430.664 1.72164 
430.664 1.59618 
430.664 1.47073 
430.664 1.34527 
430.664 1.21982 
430.664 1.09436 
430.664 0.968909 
430.664 0.843455 

