430.664 3.662 
430.664 3.627 
430.664 3.592 
430.664 3.557 
430.664 3.522 
430.664 3.487 
430.664 3.452 
430.664 3.417 
430.664 3.382 
430.664 3.347 
430.664 3.312 
430.664 3.277 
430.664 4.24427 
430.664 5.21155 
430.664 6.17882 
430.664 7.14609 
430.664 8.11336 
430.664 9.08064 
430.664 10.0479 
430.664 11.0152 
430.664 11.9825 
430.664 12.9497 
430.664 13.917 
430.664 14.4659 
430.664 15.0148 
430.664 15.5637 
430.664 16.1126 
430.664 16.6615 
430.664 17.2105 
430.664 17.7594 
430.664 18.3083 
430.664 18.8572 
430.664 19.4061 
430.664 19.955 
430.664 18.702 
430.664 17.449 
430.664 16.196 
430.664 14.943 
430.664 13.69 
430.664 12.437 
430.664 11.184 
430.664 9.931 
430.664 8.678 
430.664 7.425 
430.664 6.172 
430.664 5.98827 
430.664 5.80455 
430.664 5.62082 
430.664 5.43709 
430.664 5.25336 
430.664 5.06964 
430.664 4.88591 
430.664 4.70218 
430.664 4.51845 
430.664 4.33473 
430.664 4.151 
430.664 5.09227 
430.664 6.03355 
430.664 6.97482 
430.664 7.91609 
430.664 8.85736 
430.664 9.79864 
430.664 10.7399 
430.664 11.6812 
430.664 12.6225 
430.664 13.5637 
430.664 14.505 
430.664 13.3995 
430.664 12.2939 
430.664 11.1884 
430.664 10.0828 
430.664 8.97727 
430.664 7.87173 
430.664 6.76618 
430.664 5.66064 
430.664 4.55509 
430.664 3.44955 
430.664 2.344 
430.664 2.215 
430.664 2.086 
430.664 1.957 
430.664 1.828 
430.664 1.699 
430.664 1.57 
430.664 1.441 
430.664 1.312 
430.664 1.183 
430.664 1.054 

