430.664 3.306 
430.664 3.25 
430.664 3.194 
430.664 3.138 
430.664 3.082 
430.664 3.026 
430.664 2.97 
430.664 2.914 
430.664 2.858 
430.664 2.802 
430.664 2.746 
430.664 2.69 
430.664 2.634 
430.664 2.578 
430.664 2.522 
430.664 2.466 
430.664 2.41 
430.664 2.37038 
430.664 2.33075 
430.664 2.29113 
430.664 2.2515 
430.664 2.21188 
430.664 2.17225 
430.664 2.13262 
430.664 2.093 
430.664 2.05337 
430.664 2.01375 
430.664 1.97413 
430.664 1.9345 
430.664 1.89488 
430.664 1.85525 
430.664 1.81563 
430.664 1.776 
430.664 1.9295 
430.664 2.083 
430.664 2.2365 
430.664 2.39 
430.664 2.5435 
430.664 2.697 
430.664 2.8505 
430.664 3.004 
430.664 3.1575 
430.664 3.311 
430.664 3.4645 
430.664 3.618 
430.664 3.7715 
430.664 3.925 
430.664 4.0785 
430.664 4.232 
430.664 4.07988 
430.664 3.92775 
430.664 3.77563 
430.664 3.6235 
430.664 3.47138 
430.664 3.31925 
430.664 3.16713 
430.664 3.015 
430.664 2.86287 
430.664 2.71075 
430.664 2.55863 
430.664 2.4065 
430.664 2.25438 
430.664 2.10225 
430.664 1.95012 
430.664 1.798 
430.664 1.92813 
430.664 2.05825 
430.664 2.18838 
430.664 2.3185 
430.664 2.44862 
430.664 2.57875 
430.664 2.70887 
430.664 2.839 
430.664 2.96913 
430.664 3.09925 
430.664 3.22938 
430.664 3.3595 
430.664 3.48963 
430.664 3.61975 
430.664 3.74987 
430.664 3.88 
430.664 3.86488 
430.664 3.84975 
430.664 3.83462 
430.664 3.8195 
430.664 3.80437 
430.664 3.78925 
430.664 3.77412 
430.664 3.759 
430.664 3.74388 
430.664 3.72875 
430.664 3.71362 
430.664 3.6985 
430.664 3.68337 
430.664 3.66825 
430.664 3.65312 
430.664 3.638 
430.664 3.78112 
430.664 3.92425 
430.664 4.06738 
430.664 4.2105 
430.664 4.35363 
430.664 4.49675 
430.664 4.63987 
430.664 4.783 
430.664 4.92612 
430.664 5.06925 
430.664 5.21237 
430.664 5.3555 
430.664 5.49862 
430.664 5.64175 
430.664 5.78487 
430.664 5.928 
430.664 5.86688 
430.664 5.80575 
430.664 5.74463 
430.664 5.6835 
430.664 5.62237 
430.664 5.56125 
430.664 5.50012 
430.664 5.439 
430.664 5.37788 
430.664 5.31675 
430.664 5.25563 
430.664 5.1945 
430.664 5.13338 
430.664 5.07225 
430.664 5.01112 

