430.664 0.603 
430.664 0.739937 
430.664 0.876875 
430.664 1.01381 
430.664 1.15075 
430.664 1.28769 
430.664 1.42462 
430.664 1.56156 
430.664 1.6985 
430.664 1.83544 
430.664 1.97237 
430.664 2.10931 
430.664 2.24625 
430.664 2.38319 
430.664 2.52013 
430.664 2.65706 
430.664 2.794 
430.664 2.89425 
430.664 2.9945 
430.664 3.09475 
430.664 3.195 
430.664 3.29525 
430.664 3.3955 
430.664 3.49575 
430.664 3.596 
430.664 3.69625 
430.664 3.7965 
430.664 3.89675 
430.664 3.997 
430.664 4.09725 
430.664 4.1975 
430.664 4.29775 
430.664 4.398 
430.664 4.24756 
430.664 4.09713 
430.664 3.94669 
430.664 3.79625 
430.664 3.64581 
430.664 3.49538 
430.664 3.34494 
430.664 3.1945 
430.664 3.04406 
430.664 2.89363 
430.664 2.74319 
430.664 2.59275 
430.664 2.44231 
430.664 2.29188 
430.664 2.14144 
430.664 1.991 
430.664 2.05806 
430.664 2.12513 
430.664 2.19219 
430.664 2.25925 
430.664 2.32631 
430.664 2.39338 
430.664 2.46044 
430.664 2.5275 
430.664 2.59456 
430.664 2.66162 
430.664 2.72869 
430.664 2.79575 
430.664 2.86281 
430.664 2.92988 
430.664 2.99694 
430.664 3.064 
430.664 3.10869 
430.664 3.15338 
430.664 3.19806 
430.664 3.24275 
430.664 3.28744 
430.664 3.33213 
430.664 3.37681 
430.664 3.4215 
430.664 3.46619 
430.664 3.51087 
430.664 3.55556 
430.664 3.60025 
430.664 3.64494 
430.664 3.68962 
430.664 3.73431 
430.664 3.779 
430.664 3.76388 
430.664 3.74875 
430.664 3.73362 
430.664 3.7185 
430.664 3.70337 
430.664 3.68825 
430.664 3.67312 
430.664 3.658 
430.664 3.64288 
430.664 3.62775 
430.664 3.61262 
430.664 3.5975 
430.664 3.58237 
430.664 3.56725 
430.664 3.55212 
430.664 3.537 
430.664 3.55281 
430.664 3.56862 
430.664 3.58444 
430.664 3.60025 
430.664 3.61606 
430.664 3.63187 
430.664 3.64769 
430.664 3.6635 
430.664 3.67931 
430.664 3.69512 
430.664 3.71094 
430.664 3.72675 
430.664 3.74256 
430.664 3.75838 
430.664 3.77419 
430.664 3.79 
430.664 3.74694 
430.664 3.70388 
430.664 3.66081 
430.664 3.61775 
430.664 3.57469 
430.664 3.53163 
430.664 3.48856 
430.664 3.4455 
430.664 3.40244 
430.664 3.35938 
430.664 3.31631 
430.664 3.27325 
430.664 3.23019 
430.664 3.18712 
430.664 3.14406 

