430.664 2.157 
430.664 2.27625 
430.664 2.3955 
430.664 2.51475 
430.664 2.634 
430.664 2.75325 
430.664 2.8725 
430.664 2.99175 
430.664 3.111 
430.664 3.23025 
430.664 3.3495 
430.664 3.46875 
430.664 3.588 
430.664 3.70725 
430.664 3.8265 
430.664 3.94575 
430.664 4.065 
430.664 4.00138 
430.664 3.93775 
430.664 3.87413 
430.664 3.8105 
430.664 3.74688 
430.664 3.68325 
430.664 3.61963 
430.664 3.556 
430.664 3.49238 
430.664 3.42875 
430.664 3.36513 
430.664 3.3015 
430.664 3.23788 
430.664 3.17425 
430.664 3.11063 
430.664 3.047 
430.664 3.0705 
430.664 3.094 
430.664 3.1175 
430.664 3.141 
430.664 3.1645 
430.664 3.188 
430.664 3.2115 
430.664 3.235 
430.664 3.2585 
430.664 3.282 
430.664 3.3055 
430.664 3.329 
430.664 3.3525 
430.664 3.376 
430.664 3.3995 
430.664 3.423 
430.664 3.4235 
430.664 3.424 
430.664 3.4245 
430.664 3.425 
430.664 3.4255 
430.664 3.426 
430.664 3.4265 
430.664 3.427 
430.664 3.4275 
430.664 3.428 
430.664 3.4285 
430.664 3.429 
430.664 3.4295 
430.664 3.43 
430.664 3.4305 
430.664 3.431 
430.664 3.51694 
430.664 3.60288 
430.664 3.68881 
430.664 3.77475 
430.664 3.86069 
430.664 3.94663 
430.664 4.03256 
430.664 4.1185 
430.664 4.20444 
430.664 4.29038 
430.664 4.37631 
430.664 4.46225 
430.664 4.54819 
430.664 4.63413 
430.664 4.72006 
430.664 4.806 
430.664 4.58069 
430.664 4.35538 
430.664 4.13006 
430.664 3.90475 
430.664 3.67944 
430.664 3.45413 
430.664 3.22881 
430.664 3.0035 
430.664 2.77819 
430.664 2.55288 
430.664 2.32756 
430.664 2.10225 
430.664 1.87694 
430.664 1.65163 
430.664 1.42631 
430.664 1.201 
430.664 1.52606 
430.664 1.85113 
430.664 2.17619 
430.664 2.50125 
430.664 2.82631 
430.664 3.15138 
430.664 3.47644 
430.664 3.8015 
430.664 4.12656 
430.664 4.45162 
430.664 4.77669 
430.664 5.10175 
430.664 5.42681 
430.664 5.75188 
430.664 6.07694 
430.664 6.402 
430.664 6.30037 
430.664 6.19875 
430.664 6.09713 
430.664 5.9955 
430.664 5.89387 
430.664 5.79225 
430.664 5.69062 
430.664 5.589 
430.664 5.48738 
430.664 5.38575 
430.664 5.28412 
430.664 5.1825 
430.664 5.08087 
430.664 4.97925 
430.664 4.87763 

