430.664 2.604 
430.664 2.68569 
430.664 2.76737 
430.664 2.84906 
430.664 2.93075 
430.664 3.01244 
430.664 3.09413 
430.664 3.17581 
430.664 3.2575 
430.664 3.33919 
430.664 3.42088 
430.664 3.50256 
430.664 3.58425 
430.664 3.66594 
430.664 3.74763 
430.664 3.82931 
430.664 6.274 
430.664 6.37387 
430.664 6.47375 
430.664 6.57362 
430.664 6.6735 
430.664 6.77337 
430.664 6.87325 
430.664 6.97312 
430.664 7.073 
430.664 7.17287 
430.664 7.27275 
430.664 7.37263 
430.664 7.4725 
430.664 7.57238 
430.664 7.67225 
430.664 7.77212 
430.664 13.788 
430.664 13.6579 
430.664 13.5278 
430.664 13.3976 
430.664 13.2675 
430.664 13.1374 
430.664 13.0073 
430.664 12.8771 
430.664 12.747 
430.664 12.6169 
430.664 12.4868 
430.664 12.3566 
430.664 12.2265 
430.664 12.0964 
430.664 11.9663 
430.664 11.8361 
430.664 23 
430.664 23.0422 
430.664 23.0845 
430.664 23.1268 
430.664 23.169 
430.664 23.2112 
430.664 23.2535 
430.664 23.2958 
430.664 23.338 
430.664 23.3803 
430.664 23.4225 
430.664 23.4647 
430.664 23.507 
430.664 23.5493 
430.664 23.5915 
430.664 23.6337 
430.664 6.026 
430.664 6.02094 
430.664 6.01587 
430.664 6.01081 
430.664 6.00575 
430.664 6.00069 
430.664 5.99562 
430.664 5.99056 
430.664 5.9855 
430.664 5.98044 
430.664 5.97537 
430.664 5.97031 
430.664 5.96525 
430.664 5.96019 
430.664 5.95512 
430.664 5.95006 
430.664 4.586 
430.664 4.71706 
430.664 4.84813 
430.664 4.97919 
430.664 5.11025 
430.664 5.24131 
430.664 5.37237 
430.664 5.50344 
430.664 5.6345 
430.664 5.76556 
430.664 5.89663 
430.664 6.02769 
430.664 6.15875 
430.664 6.28981 
430.664 6.42088 
430.664 6.55194 
430.664 15.371 
430.664 15.2674 
430.664 15.1638 
430.664 15.0601 
430.664 14.9565 
430.664 14.8529 
430.664 14.7492 
430.664 14.6456 
430.664 14.542 
430.664 14.4384 
430.664 14.3347 
430.664 14.2311 
430.664 14.1275 
430.664 14.0239 
430.664 13.9202 
430.664 13.8166 
430.664 1.955 
430.664 1.95881 
430.664 1.96263 
430.664 1.96644 
430.664 1.97025 
430.664 1.97406 
430.664 1.97788 
430.664 1.98169 
430.664 1.9855 
430.664 1.98931 
430.664 1.99313 
430.664 1.99694 
430.664 2.00075 
430.664 2.00456 
430.664 2.00838 
430.664 2.01219 

