430.664 1.381 
430.664 1.43881 
430.664 1.49663 
430.664 1.55444 
430.664 1.61225 
430.664 1.67006 
430.664 1.72788 
430.664 1.78569 
430.664 1.8435 
430.664 1.90131 
430.664 1.95913 
430.664 2.01694 
430.664 2.07475 
430.664 2.13256 
430.664 2.19037 
430.664 2.24819 
430.664 2.306 
430.664 2.41369 
430.664 2.52137 
430.664 2.62906 
430.664 2.73675 
430.664 2.84444 
430.664 2.95213 
430.664 3.05981 
430.664 3.1675 
430.664 3.27519 
430.664 3.38287 
430.664 3.49056 
430.664 3.59825 
430.664 3.70594 
430.664 3.81363 
430.664 3.92131 
430.664 4.029 
430.664 3.90506 
430.664 3.78112 
430.664 3.65719 
430.664 3.53325 
430.664 3.40931 
430.664 3.28538 
430.664 3.16144 
430.664 3.0375 
430.664 2.91356 
430.664 2.78963 
430.664 2.66569 
430.664 2.54175 
430.664 2.41781 
430.664 2.29387 
430.664 2.16994 
430.664 2.046 
430.664 2.0935 
430.664 2.141 
430.664 2.1885 
430.664 2.236 
430.664 2.2835 
430.664 2.331 
430.664 2.3785 
430.664 2.426 
430.664 2.4735 
430.664 2.521 
430.664 2.5685 
430.664 2.616 
430.664 2.6635 
430.664 2.711 
430.664 2.7585 
430.664 2.806 
430.664 2.76719 
430.664 2.72838 
430.664 2.68956 
430.664 2.65075 
430.664 2.61194 
430.664 2.57313 
430.664 2.53431 
430.664 2.4955 
430.664 2.45669 
430.664 2.41787 
430.664 2.37906 
430.664 2.34025 
430.664 2.30144 
430.664 2.26262 
430.664 2.22381 
430.664 2.185 
430.664 2.31581 
430.664 2.56109 
430.664 2.3618 
430.664 2.37713 
430.664 2.39246 
430.664 2.40779 
430.664 2.42312 
430.664 2.43845 
430.664 2.45378 
430.664 2.46911 
430.664 2.48444 
430.664 2.49977 
430.664 2.5151 
430.664 2.53043 
430.664 2.54576 
430.664 2.56109 
430.664 2.54863 
430.664 2.53618 
430.664 2.52372 
430.664 2.51126 
430.664 2.49881 
430.664 2.48635 
430.664 2.4739 
430.664 2.46144 
430.664 2.44899 
430.664 2.43653 
430.664 2.42408 
430.664 2.41162 
430.664 2.39917 
430.664 2.38671 
430.664 2.37426 
430.664 2.3618 
430.664 2.36276 
430.664 2.36372 
430.664 2.36468 
430.664 2.36563 
430.664 2.36659 
430.664 2.36755 
430.664 2.36851 
430.664 2.36947 
430.664 2.37042 
430.664 2.37138 
430.664 2.37234 
430.664 2.3733 
430.664 2.37426 
430.664 2.37521 
430.664 2.37617 

