430.664 2.872 
430.664 2.796 
430.664 2.72 
430.664 2.644 
430.664 2.568 
430.664 2.492 
430.664 2.416 
430.664 2.34 
430.664 2.264 
430.664 2.188 
430.664 2.112 
430.664 2.036 
430.664 1.96 
430.664 1.884 
430.664 1.808 
430.664 1.732 
430.664 1.656 
430.664 1.73019 
430.664 1.80437 
430.664 1.87856 
430.664 1.95275 
430.664 2.02694 
430.664 2.10112 
430.664 2.17531 
430.664 2.2495 
430.664 2.32369 
430.664 2.39787 
430.664 2.47206 
430.664 2.54625 
430.664 2.62044 
430.664 2.69463 
430.664 2.76881 
430.664 2.843 
430.664 2.88262 
430.664 2.92225 
430.664 2.96188 
430.664 3.0015 
430.664 3.04113 
430.664 3.08075 
430.664 3.12038 
430.664 3.16 
430.664 3.19963 
430.664 3.23925 
430.664 3.27887 
430.664 3.3185 
430.664 3.35812 
430.664 3.39775 
430.664 3.43737 
430.664 3.477 
430.664 3.32175 
430.664 3.1665 
430.664 3.01125 
430.664 2.856 
430.664 2.70075 
430.664 2.5455 
430.664 2.39025 
430.664 2.235 
430.664 2.07975 
430.664 1.9245 
430.664 1.76925 
430.664 1.614 
430.664 1.45875 
430.664 1.3035 
430.664 1.14825 
430.664 0.993 
430.664 1.12325 
430.664 1.2535 
430.664 1.38375 
430.664 1.514 
430.664 1.64425 
430.664 1.7745 
430.664 1.90475 
430.664 2.035 
430.664 2.16525 
430.664 2.2955 
430.664 2.42575 
430.664 2.556 
430.664 2.68625 
430.664 2.8165 
430.664 2.94675 
430.664 3.077 
430.664 3.17594 
430.664 3.27487 
430.664 3.37381 
430.664 3.47275 
430.664 3.57169 
430.664 3.67063 
430.664 3.76956 
430.664 3.8685 
430.664 3.96744 
430.664 4.06637 
430.664 4.16531 
430.664 4.26425 
430.664 4.36319 
430.664 4.46213 
430.664 4.56106 
430.664 4.66 
430.664 4.71663 
430.664 4.77325 
430.664 4.82988 
430.664 4.8865 
430.664 4.94313 
430.664 4.99975 
430.664 5.05638 
430.664 5.113 
430.664 5.16962 
430.664 5.22625 
430.664 5.28287 
430.664 5.3395 
430.664 5.39612 
430.664 5.45275 
430.664 5.50938 
430.664 5.566 
430.664 5.49906 
430.664 5.43213 
430.664 5.36519 
430.664 5.29825 
430.664 5.23131 
430.664 5.16437 
430.664 5.09744 
430.664 5.0305 
430.664 4.96356 
430.664 4.89663 
430.664 4.82969 
430.664 4.76275 
430.664 4.69581 
430.664 4.62887 
430.664 4.56194 

