430.664 1.958 
430.664 2.07669 
430.664 2.19537 
430.664 2.31406 
430.664 2.43275 
430.664 2.55144 
430.664 2.67013 
430.664 2.78881 
430.664 2.9075 
430.664 3.02619 
430.664 3.14487 
430.664 3.26356 
430.664 3.38225 
430.664 3.50094 
430.664 3.61963 
430.664 3.73831 
430.664 3.857 
430.664 3.86662 
430.664 3.87625 
430.664 3.88588 
430.664 3.8955 
430.664 3.90512 
430.664 3.91475 
430.664 3.92438 
430.664 3.934 
430.664 3.94362 
430.664 3.95325 
430.664 3.96288 
430.664 3.9725 
430.664 3.98212 
430.664 3.99175 
430.664 4.00138 
430.664 4.011 
430.664 3.98225 
430.664 3.9535 
430.664 3.92475 
430.664 3.896 
430.664 3.86725 
430.664 3.8385 
430.664 3.80975 
430.664 3.781 
430.664 3.75225 
430.664 3.7235 
430.664 3.69475 
430.664 3.666 
430.664 3.63725 
430.664 3.6085 
430.664 3.57975 
430.664 3.551 
430.664 3.56219 
430.664 3.57337 
430.664 3.58456 
430.664 3.59575 
430.664 3.60694 
430.664 3.61813 
430.664 3.62931 
430.664 3.6405 
430.664 3.65169 
430.664 3.66288 
430.664 3.67406 
430.664 3.68525 
430.664 3.69644 
430.664 3.70763 
430.664 3.71881 
430.664 3.73 
430.664 3.77975 
430.664 3.8295 
430.664 3.87925 
430.664 3.929 
430.664 3.97875 
430.664 4.0285 
430.664 4.07825 
430.664 4.128 
430.664 4.17775 
430.664 4.2275 
430.664 4.27725 
430.664 4.327 
430.664 4.37675 
430.664 4.4265 
430.664 4.47625 
430.664 4.526 
430.664 4.35819 
430.664 4.19037 
430.664 4.02256 
430.664 3.85475 
430.664 3.68694 
430.664 3.51912 
430.664 3.35131 
430.664 3.1835 
430.664 3.01569 
430.664 2.84788 
430.664 2.68006 
430.664 2.51225 
430.664 2.34444 
430.664 2.17663 
430.664 2.00881 
430.664 1.841 
430.664 2.09356 
430.664 2.34612 
430.664 2.59869 
430.664 2.85125 
430.664 3.10381 
430.664 3.35637 
430.664 3.60894 
430.664 3.8615 
430.664 4.11406 
430.664 4.36662 
430.664 4.61919 
430.664 4.87175 
430.664 5.12431 
430.664 5.37687 
430.664 5.62944 
430.664 5.882 
430.664 5.77562 
430.664 5.66925 
430.664 5.56288 
430.664 5.4565 
430.664 5.35012 
430.664 5.24375 
430.664 5.13737 
430.664 5.031 
430.664 4.92462 
430.664 4.81825 
430.664 4.71187 
430.664 4.6055 
430.664 4.49912 
430.664 4.39275 
430.664 4.28637 

