430.664 2.85 
430.664 2.86881 
430.664 2.88762 
430.664 2.90644 
430.664 2.92525 
430.664 2.94406 
430.664 2.96287 
430.664 2.98169 
430.664 3.0005 
430.664 3.01931 
430.664 3.03812 
430.664 3.05694 
430.664 3.07575 
430.664 3.09456 
430.664 3.11338 
430.664 3.13219 
430.664 3.151 
430.664 3.10938 
430.664 3.06775 
430.664 3.02612 
430.664 2.9845 
430.664 2.94287 
430.664 2.90125 
430.664 2.85962 
430.664 2.818 
430.664 2.77637 
430.664 2.73475 
430.664 2.69312 
430.664 2.6515 
430.664 2.60987 
430.664 2.56825 
430.664 2.52663 
430.664 2.485 
430.664 2.59475 
430.664 2.7045 
430.664 2.81425 
430.664 2.924 
430.664 3.03375 
430.664 3.1435 
430.664 3.25325 
430.664 3.363 
430.664 3.47275 
430.664 3.5825 
430.664 3.69225 
430.664 3.802 
430.664 3.91175 
430.664 4.0215 
430.664 4.13125 
430.664 4.241 
430.664 4.11725 
430.664 3.9935 
430.664 3.86975 
430.664 3.746 
430.664 3.62225 
430.664 3.4985 
430.664 3.37475 
430.664 3.251 
430.664 3.12725 
430.664 3.0035 
430.664 2.87975 
430.664 2.756 
430.664 2.63225 
430.664 2.5085 
430.664 2.38475 
430.664 2.261 
430.664 2.42181 
430.664 2.58263 
430.664 2.74344 
430.664 2.90425 
430.664 3.06506 
430.664 3.22587 
430.664 3.38669 
430.664 3.5475 
430.664 3.70831 
430.664 3.86912 
430.664 4.02994 
430.664 4.19075 
430.664 4.35156 
430.664 4.51237 
430.664 4.67319 
430.664 4.834 
430.664 4.68844 
430.664 4.54287 
430.664 4.39731 
430.664 4.25175 
430.664 4.10619 
430.664 3.96062 
430.664 3.81506 
430.664 3.6695 
430.664 3.52394 
430.664 3.37837 
430.664 3.23281 
430.664 3.08725 
430.664 2.94169 
430.664 2.79612 
430.664 2.65056 
430.664 2.505 
430.664 2.73919 
430.664 2.97337 
430.664 3.20756 
430.664 3.44175 
430.664 3.67594 
430.664 3.91012 
430.664 4.14431 
430.664 4.3785 
430.664 4.61269 
430.664 4.84687 
430.664 5.08106 
430.664 5.31525 
430.664 5.54944 
430.664 5.78362 
430.664 6.01781 
430.664 6.252 
430.664 6.19169 
430.664 6.13138 
430.664 6.07106 
430.664 6.01075 
430.664 5.95044 
430.664 5.89012 
430.664 5.82981 
430.664 5.7695 
430.664 5.70919 
430.664 5.64888 
430.664 5.58856 
430.664 5.52825 
430.664 5.46794 
430.664 5.40762 
430.664 5.34731 

