430.664 2.39246 
430.664 2.39342 
430.664 2.39438 
430.664 2.39533 
430.664 2.39629 
430.664 2.39725 
430.664 2.39821 
430.664 2.39917 
430.664 2.40013 
430.664 2.40108 
430.664 2.40204 
430.664 2.403 
430.664 2.40396 
430.664 2.40492 
430.664 2.40587 
430.664 2.40683 
430.664 2.40779 
430.664 2.40875 
430.664 2.40971 
430.664 2.41066 
430.664 2.41162 
430.664 2.41258 
430.664 2.41354 
430.664 2.4145 
430.664 2.41545 
430.664 2.41641 
430.664 2.41737 
430.664 2.41833 
430.664 2.41929 
430.664 2.42025 
430.664 2.4212 
430.664 2.42216 
430.664 2.42312 
430.664 2.42408 
430.664 2.42504 
430.664 2.42599 
430.664 2.42695 
430.664 2.42791 
430.664 2.42887 
430.664 2.42983 
430.664 2.43078 
430.664 2.43174 
430.664 2.4327 
430.664 2.43366 
430.664 2.43462 
430.664 2.43557 
430.664 2.43653 
430.664 2.43749 
430.664 2.43845 
430.664 2.43941 
430.664 2.44037 
430.664 2.44132 
430.664 2.44228 
430.664 2.44324 
430.664 2.4442 
430.664 2.44516 
430.664 2.44611 
430.664 2.44707 
430.664 2.44803 
430.664 2.44899 
430.664 2.44995 
430.664 2.4509 
430.664 2.45186 
430.664 2.45282 
430.664 2.45378 
430.664 2.45474 
430.664 2.4557 
430.664 2.45665 
430.664 2.45761 
430.664 2.45857 
430.664 2.45953 
430.664 2.46049 
430.664 2.46144 
430.664 2.4624 
430.664 2.46336 
430.664 2.46432 
430.664 2.46528 
430.664 2.46623 
430.664 2.46719 
430.664 2.46815 
430.664 2.46911 
430.664 2.47007 
430.664 2.47102 
430.664 2.47198 
430.664 2.47294 
430.664 2.4739 
430.664 2.47486 
430.664 2.47582 
430.664 2.47677 
430.664 2.47773 
430.664 2.47869 
430.664 2.47965 
430.664 2.48061 
430.664 2.48156 
430.664 2.48252 
430.664 2.48348 
430.664 2.48444 
430.664 2.4854 
430.664 2.48635 
430.664 2.48731 
430.664 2.48827 
430.664 2.48923 
430.664 2.49019 
430.664 2.49114 
430.664 2.4921 
430.664 2.49306 
430.664 2.49402 
430.664 2.49498 
430.664 2.49594 
430.664 2.49689 
430.664 2.49785 
430.664 2.49881 
430.664 2.49977 
430.664 2.50073 
430.664 2.50168 
430.664 2.50264 
430.664 2.5036 
430.664 2.50456 
430.664 2.50552 
430.664 2.50647 
430.664 2.50743 
430.664 2.50839 
430.664 2.50935 
430.664 2.51031 
430.664 2.51126 
430.664 2.51222 
430.664 2.51318 
430.664 2.51414 

