215.332 13.928 
215.332 14.7197 
215.332 15.5115 
215.332 16.3032 
215.332 17.0949 
215.332 17.8866 
215.332 18.6784 
215.332 19.4701 
215.332 20.2618 
215.332 21.0535 
215.332 21.8453 
215.332 22.637 
215.332 21.035 
215.332 19.433 
215.332 17.831 
215.332 16.229 
215.332 14.627 
215.332 13.025 
215.332 11.423 
215.332 9.821 
215.332 8.219 
215.332 6.617 
215.332 5.015 
215.332 4.96064 
215.332 4.90627 
215.332 4.85191 
215.332 4.79755 
215.332 4.74318 
215.332 4.68882 
215.332 4.63445 
215.332 4.58009 
215.332 4.52573 
215.332 4.47136 
215.332 4.417 
215.332 4.47827 
215.332 4.53955 
215.332 4.60082 
215.332 4.66209 
215.332 4.72336 
215.332 4.78464 
215.332 4.84591 
215.332 4.90718 
215.332 4.96845 
215.332 5.02973 
215.332 5.091 
215.332 4.85891 
215.332 4.62682 
215.332 4.39473 
215.332 4.16264 
215.332 3.93055 
215.332 3.69845 
215.332 3.46636 
215.332 3.23427 
215.332 3.00218 
215.332 2.77009 
215.332 2.538 
215.332 2.42864 
215.332 2.31927 
215.332 2.20991 
215.332 2.10055 
215.332 1.99118 
215.332 1.88182 
215.332 1.77245 
215.332 1.66309 
215.332 1.55373 
215.332 1.44436 
215.332 1.335 
215.332 1.30964 
215.332 1.28427 
215.332 1.25891 
215.332 1.23355 
215.332 1.20818 
215.332 1.18282 
215.332 1.15745 
215.332 1.13209 
215.332 1.10673 
215.332 1.08136 
215.332 1.056 
215.332 1.00191 
215.332 0.947818 
215.332 0.893727 
215.332 0.839636 
215.332 0.785545 
215.332 0.731455 
215.332 0.677364 
215.332 0.623273 
215.332 0.569182 
215.332 0.515091 

