215.332 11.114 
215.332 12.5303 
215.332 13.9465 
215.332 15.3628 
215.332 16.7791 
215.332 18.1954 
215.332 19.6116 
215.332 21.0279 
215.332 22.4442 
215.332 23.8605 
215.332 25.2767 
215.332 26.693 
215.332 24.908 
215.332 23.123 
215.332 21.338 
215.332 19.553 
215.332 17.768 
215.332 15.983 
215.332 14.198 
215.332 12.413 
215.332 10.628 
215.332 8.843 
215.332 7.058 
215.332 6.90545 
215.332 6.75291 
215.332 6.60036 
215.332 6.44782 
215.332 6.29527 
215.332 6.14273 
215.332 5.99018 
215.332 5.83764 
215.332 5.68509 
215.332 5.53255 
215.332 5.38 
215.332 5.44409 
215.332 5.50818 
215.332 5.57227 
215.332 5.63636 
215.332 5.70045 
215.332 5.76455 
215.332 5.82864 
215.332 5.89273 
215.332 5.95682 
215.332 6.02091 
215.332 6.085 
215.332 5.76245 
215.332 5.43991 
215.332 5.11736 
215.332 4.79482 
215.332 4.47227 
215.332 4.14973 
215.332 3.82718 
215.332 3.50464 
215.332 3.18209 
215.332 2.85955 
215.332 2.537 
215.332 2.44118 
215.332 2.34536 
215.332 2.24955 
215.332 2.15373 
215.332 2.05791 
215.332 1.96209 
215.332 1.86627 
215.332 1.77045 
215.332 1.67464 
215.332 1.57882 
215.332 1.483 
215.332 1.40364 
215.332 1.32427 
215.332 1.24491 
215.332 1.16555 
215.332 1.08618 
215.332 1.00682 
215.332 0.927455 
215.332 0.848091 
215.332 0.768727 
215.332 0.689364 
215.332 0.61 
215.332 0.606182 
215.332 0.602364 
215.332 0.598545 
215.332 0.594727 
215.332 0.590909 
215.332 0.587091 
215.332 0.583273 
215.332 0.579455 
215.332 0.575636 
215.332 0.571818 

