215.332 18.254 
215.332 18.6595 
215.332 19.0651 
215.332 19.4706 
215.332 19.8762 
215.332 20.2817 
215.332 20.6873 
215.332 21.0928 
215.332 21.4984 
215.332 21.9039 
215.332 22.3095 
215.332 22.715 
215.332 21.1902 
215.332 19.6654 
215.332 18.1405 
215.332 16.6157 
215.332 15.0909 
215.332 13.5661 
215.332 12.0413 
215.332 10.5165 
215.332 8.99164 
215.332 7.46682 
215.332 5.942 
215.332 5.91418 
215.332 5.88636 
215.332 5.85855 
215.332 5.83073 
215.332 5.80291 
215.332 5.77509 
215.332 5.74727 
215.332 5.71945 
215.332 5.69164 
215.332 5.66382 
215.332 5.636 
215.332 5.46145 
215.332 5.28691 
215.332 5.11236 
215.332 4.93782 
215.332 4.76327 
215.332 4.58873 
215.332 4.41418 
215.332 4.23964 
215.332 4.06509 
215.332 3.89055 
215.332 3.716 
215.332 3.49045 
215.332 3.26491 
215.332 3.03936 
215.332 2.81382 
215.332 2.58827 
215.332 2.36273 
215.332 2.13718 
215.332 1.91164 
215.332 1.68609 
215.332 1.46055 
215.332 1.235 
215.332 1.23127 
215.332 1.22755 
215.332 1.22382 
215.332 1.22009 
215.332 1.21636 
215.332 1.21264 
215.332 1.20891 
215.332 1.20518 
215.332 1.20145 
215.332 1.19773 
215.332 1.194 
215.332 1.17809 
215.332 1.16218 
215.332 1.14627 
215.332 1.13036 
215.332 1.11445 
215.332 1.09855 
215.332 1.08264 
215.332 1.06673 
215.332 1.05082 
215.332 1.03491 
215.332 1.019 
215.332 0.973727 
215.332 0.928455 
215.332 0.883182 
215.332 0.837909 
215.332 0.792636 
215.332 0.747364 
215.332 0.702091 
215.332 0.656818 
215.332 0.611545 
215.332 0.566273 

