215.332 16.386 
215.332 17.0434 
215.332 17.7007 
215.332 18.3581 
215.332 19.0155 
215.332 19.6728 
215.332 20.3302 
215.332 20.9875 
215.332 21.6449 
215.332 22.3023 
215.332 22.9596 
215.332 23.617 
215.332 22.0116 
215.332 20.4063 
215.332 18.8009 
215.332 17.1955 
215.332 15.5902 
215.332 13.9848 
215.332 12.3795 
215.332 10.7741 
215.332 9.16873 
215.332 7.56336 
215.332 5.958 
215.332 5.88427 
215.332 5.81055 
215.332 5.73682 
215.332 5.66309 
215.332 5.58936 
215.332 5.51564 
215.332 5.44191 
215.332 5.36818 
215.332 5.29445 
215.332 5.22073 
215.332 5.147 
215.332 5.238 
215.332 5.329 
215.332 5.42 
215.332 5.511 
215.332 5.602 
215.332 5.693 
215.332 5.784 
215.332 5.875 
215.332 5.966 
215.332 6.057 
215.332 6.148 
215.332 5.69345 
215.332 5.23891 
215.332 4.78436 
215.332 4.32982 
215.332 3.87527 
215.332 3.42073 
215.332 2.96618 
215.332 2.51164 
215.332 2.05709 
215.332 1.60255 
215.332 1.148 
215.332 1.151 
215.332 1.154 
215.332 1.157 
215.332 1.16 
215.332 1.163 
215.332 1.166 
215.332 1.169 
215.332 1.172 
215.332 1.175 
215.332 1.178 
215.332 1.181 
215.332 1.22191 
215.332 1.26282 
215.332 1.30373 
215.332 1.34464 
215.332 1.38555 
215.332 1.42645 
215.332 1.46736 
215.332 1.50827 
215.332 1.54918 
215.332 1.59009 
215.332 1.631 
215.332 1.54345 
215.332 1.45591 
215.332 1.36836 
215.332 1.28082 
215.332 1.19327 
215.332 1.10573 
215.332 1.01818 
215.332 0.930636 
215.332 0.843091 
215.332 0.755545 

