215.332 20.542 
215.332 21.1858 
215.332 21.8296 
215.332 22.4735 
215.332 23.1173 
215.332 23.7611 
215.332 24.4049 
215.332 25.0487 
215.332 25.6925 
215.332 26.3364 
215.332 26.9802 
215.332 27.624 
215.332 25.8749 
215.332 24.1258 
215.332 22.3767 
215.332 20.6276 
215.332 18.8785 
215.332 17.1295 
215.332 15.3804 
215.332 13.6313 
215.332 11.8822 
215.332 10.1331 
215.332 8.384 
215.332 8.213 
215.332 8.042 
215.332 7.871 
215.332 7.7 
215.332 7.529 
215.332 7.358 
215.332 7.187 
215.332 7.016 
215.332 6.845 
215.332 6.674 
215.332 6.503 
215.332 6.44273 
215.332 6.38245 
215.332 6.32218 
215.332 6.26191 
215.332 6.20164 
215.332 6.14136 
215.332 6.08109 
215.332 6.02082 
215.332 5.96055 
215.332 5.90027 
215.332 5.84 
215.332 5.46382 
215.332 5.08764 
215.332 4.71145 
215.332 4.33527 
215.332 3.95909 
215.332 3.58291 
215.332 3.20673 
215.332 2.83055 
215.332 2.45436 
215.332 2.07818 
215.332 1.702 
215.332 1.69582 
215.332 1.68964 
215.332 1.68345 
215.332 1.67727 
215.332 1.67109 
215.332 1.66491 
215.332 1.65873 
215.332 1.65255 
215.332 1.64636 
215.332 1.64018 
215.332 1.634 
215.332 1.58118 
215.332 1.52836 
215.332 1.47555 
215.332 1.42273 
215.332 1.36991 
215.332 1.31709 
215.332 1.26427 
215.332 1.21145 
215.332 1.15864 
215.332 1.10582 
215.332 1.053 
215.332 1.01836 
215.332 0.983727 
215.332 0.949091 
215.332 0.914455 
215.332 0.879818 
215.332 0.845182 
215.332 0.810545 
215.332 0.775909 
215.332 0.741273 
215.332 0.706636 

