215.332 17.01 
215.332 17.4902 
215.332 17.9704 
215.332 18.4505 
215.332 18.9307 
215.332 19.4109 
215.332 19.8911 
215.332 20.3713 
215.332 20.8515 
215.332 21.3316 
215.332 21.8118 
215.332 22.292 
215.332 21.2237 
215.332 20.1555 
215.332 19.0872 
215.332 18.0189 
215.332 16.9506 
215.332 15.8824 
215.332 14.8141 
215.332 13.7458 
215.332 12.6775 
215.332 11.6093 
215.332 10.541 
215.332 10.2058 
215.332 9.87064 
215.332 9.53545 
215.332 9.20027 
215.332 8.86509 
215.332 8.52991 
215.332 8.19473 
215.332 7.85955 
215.332 7.52436 
215.332 7.18918 
215.332 6.854 
215.332 6.68518 
215.332 6.51636 
215.332 6.34755 
215.332 6.17873 
215.332 6.00991 
215.332 5.84109 
215.332 5.67227 
215.332 5.50345 
215.332 5.33464 
215.332 5.16582 
215.332 4.997 
215.332 4.63818 
215.332 4.27936 
215.332 3.92055 
215.332 3.56173 
215.332 3.20291 
215.332 2.84409 
215.332 2.48527 
215.332 2.12645 
215.332 1.76764 
215.332 1.40882 
215.332 1.05 
215.332 1.05555 
215.332 1.06109 
215.332 1.06664 
215.332 1.07218 
215.332 1.07773 
215.332 1.08327 
215.332 1.08882 
215.332 1.09436 
215.332 1.09991 
215.332 1.10545 
215.332 1.111 
215.332 1.14436 
215.332 1.17773 
215.332 1.21109 
215.332 1.24445 
215.332 1.27782 
215.332 1.31118 
215.332 1.34455 
215.332 1.37791 
215.332 1.41127 
215.332 1.44464 
215.332 1.478 
215.332 1.393 
215.332 1.308 
215.332 1.223 
215.332 1.138 
215.332 1.053 
215.332 0.968 
215.332 0.883 
215.332 0.798 
215.332 0.713 
215.332 0.628 

