215.332 11.861 
215.332 12.7211 
215.332 13.5812 
215.332 14.4413 
215.332 15.3014 
215.332 16.1615 
215.332 17.0215 
215.332 17.8816 
215.332 18.7417 
215.332 19.6018 
215.332 20.4619 
215.332 21.322 
215.332 19.8832 
215.332 18.4444 
215.332 17.0055 
215.332 15.5667 
215.332 14.1279 
215.332 12.6891 
215.332 11.2503 
215.332 9.81145 
215.332 8.37264 
215.332 6.93382 
215.332 5.495 
215.332 5.52918 
215.332 5.56336 
215.332 5.59755 
215.332 5.63173 
215.332 5.66591 
215.332 5.70009 
215.332 5.73427 
215.332 5.76845 
215.332 5.80264 
215.332 5.83682 
215.332 5.871 
215.332 5.94918 
215.332 6.02736 
215.332 6.10555 
215.332 6.18373 
215.332 6.26191 
215.332 6.34009 
215.332 6.41827 
215.332 6.49645 
215.332 6.57464 
215.332 6.65282 
215.332 6.731 
215.332 6.30973 
215.332 5.88845 
215.332 5.46718 
215.332 5.04591 
215.332 4.62464 
215.332 4.20336 
215.332 3.78209 
215.332 3.36082 
215.332 2.93955 
215.332 2.51827 
215.332 2.097 
215.332 2.06164 
215.332 2.02627 
215.332 1.99091 
215.332 1.95555 
215.332 1.92018 
215.332 1.88482 
215.332 1.84945 
215.332 1.81409 
215.332 1.77873 
215.332 1.74336 
215.332 1.708 
215.332 1.647 
215.332 1.586 
215.332 1.525 
215.332 1.464 
215.332 1.403 
215.332 1.342 
215.332 1.281 
215.332 1.22 
215.332 1.159 
215.332 1.098 
215.332 1.037 
215.332 1.00109 
215.332 0.965182 
215.332 0.929273 
215.332 0.893364 
215.332 0.857455 
215.332 0.821545 
215.332 0.785636 
215.332 0.749727 
215.332 0.713818 
215.332 0.677909 

