215.332 10.719 
215.332 11.8712 
215.332 13.0234 
215.332 14.1755 
215.332 15.3277 
215.332 16.4799 
215.332 17.6321 
215.332 18.7843 
215.332 19.9365 
215.332 21.0886 
215.332 22.2408 
215.332 23.393 
215.332 22.0542 
215.332 20.7154 
215.332 19.3765 
215.332 18.0377 
215.332 16.6989 
215.332 15.3601 
215.332 14.0213 
215.332 12.6825 
215.332 11.3436 
215.332 10.0048 
215.332 8.666 
215.332 8.30155 
215.332 7.93709 
215.332 7.57264 
215.332 7.20818 
215.332 6.84373 
215.332 6.47927 
215.332 6.11482 
215.332 5.75036 
215.332 5.38591 
215.332 5.02145 
215.332 4.657 
215.332 4.99627 
215.332 5.33555 
215.332 5.67482 
215.332 6.01409 
215.332 6.35336 
215.332 6.69264 
215.332 7.03191 
215.332 7.37118 
215.332 7.71045 
215.332 8.04973 
215.332 8.389 
215.332 7.85164 
215.332 7.31427 
215.332 6.77691 
215.332 6.23955 
215.332 5.70218 
215.332 5.16482 
215.332 4.62745 
215.332 4.09009 
215.332 3.55273 
215.332 3.01536 
215.332 2.478 
215.332 2.37418 
215.332 2.27036 
215.332 2.16655 
215.332 2.06273 
215.332 1.95891 
215.332 1.85509 
215.332 1.75127 
215.332 1.64745 
215.332 1.54364 
215.332 1.43982 
215.332 1.336 
215.332 1.29055 
215.332 1.24509 
215.332 1.19964 
215.332 1.15418 
215.332 1.10873 
215.332 1.06327 
215.332 1.01782 
215.332 0.972364 
215.332 0.926909 
215.332 0.881455 
215.332 0.836 
215.332 0.817 
215.332 0.798 
215.332 0.779 
215.332 0.76 
215.332 0.741 
215.332 0.722 
215.332 0.703 
215.332 0.684 
215.332 0.665 
215.332 0.646 

