215.332 17.083 
215.332 17.5735 
215.332 18.0639 
215.332 18.5544 
215.332 19.0448 
215.332 19.5353 
215.332 20.0257 
215.332 20.5162 
215.332 21.0066 
215.332 21.4971 
215.332 21.9875 
215.332 22.478 
215.332 20.8749 
215.332 19.2718 
215.332 17.6687 
215.332 16.0656 
215.332 14.4625 
215.332 12.8595 
215.332 11.2564 
215.332 9.65327 
215.332 8.05018 
215.332 6.44709 
215.332 4.844 
215.332 4.91055 
215.332 4.97709 
215.332 5.04364 
215.332 5.11018 
215.332 5.17673 
215.332 5.24327 
215.332 5.30982 
215.332 5.37636 
215.332 5.44291 
215.332 5.50945 
215.332 5.576 
215.332 5.40382 
215.332 5.23164 
215.332 5.05945 
215.332 4.88727 
215.332 4.71509 
215.332 4.54291 
215.332 4.37073 
215.332 4.19855 
215.332 4.02636 
215.332 3.85418 
215.332 3.682 
215.332 3.46573 
215.332 3.24945 
215.332 3.03318 
215.332 2.81691 
215.332 2.60064 
215.332 2.38436 
215.332 2.16809 
215.332 1.95182 
215.332 1.73555 
215.332 1.51927 
215.332 1.303 
215.332 1.29018 
215.332 1.27736 
215.332 1.26455 
215.332 1.25173 
215.332 1.23891 
215.332 1.22609 
215.332 1.21327 
215.332 1.20045 
215.332 1.18764 
215.332 1.17482 
215.332 1.162 
215.332 1.17009 
215.332 1.17818 
215.332 1.18627 
215.332 1.19436 
215.332 1.20245 
215.332 1.21055 
215.332 1.21864 
215.332 1.22673 
215.332 1.23482 
215.332 1.24291 
215.332 1.251 
215.332 1.19691 
215.332 1.14282 
215.332 1.08873 
215.332 1.03464 
215.332 0.980545 
215.332 0.926455 
215.332 0.872364 
215.332 0.818273 
215.332 0.764182 
215.332 0.710091 

