215.332 9.229 
215.332 9.28462 
215.332 9.34025 
215.332 9.39588 
215.332 9.4515 
215.332 9.50712 
215.332 9.56275 
215.332 9.61838 
215.332 9.674 
215.332 9.72962 
215.332 9.78525 
215.332 9.84088 
215.332 9.8965 
215.332 9.95212 
215.332 10.0077 
215.332 10.0634 
215.332 10.119 
215.332 10.006 
215.332 9.893 
215.332 9.78 
215.332 9.667 
215.332 9.554 
215.332 9.441 
215.332 9.328 
215.332 9.215 
215.332 9.102 
215.332 8.989 
215.332 8.876 
215.332 8.763 
215.332 8.65 
215.332 8.537 
215.332 8.424 
215.332 8.311 
215.332 8.36763 
215.332 8.42425 
215.332 8.48087 
215.332 8.5375 
215.332 8.59413 
215.332 8.65075 
215.332 8.70738 
215.332 8.764 
215.332 8.82062 
215.332 8.87725 
215.332 8.93388 
215.332 8.9905 
215.332 9.04713 
215.332 9.10375 
215.332 9.16038 
215.332 9.217 
215.332 9.18806 
215.332 9.15912 
215.332 9.13019 
215.332 9.10125 
215.332 9.07231 
215.332 9.04338 
215.332 9.01444 
215.332 8.9855 
215.332 8.95656 
215.332 8.92762 
215.332 8.89869 
215.332 8.86975 
215.332 8.84081 
215.332 8.81188 
215.332 8.78294 
215.332 8.754 
215.332 8.76212 
215.332 8.77025 
215.332 8.77838 
215.332 8.7865 
215.332 8.79462 
215.332 8.80275 
215.332 8.81087 
215.332 8.819 
215.332 8.82713 
215.332 8.83525 
215.332 8.84337 
215.332 8.8515 
215.332 8.85962 
215.332 8.86775 
215.332 8.87588 
215.332 8.884 
215.332 9.06194 
215.332 9.23987 
215.332 9.41781 
215.332 9.59575 
215.332 9.77369 
215.332 9.95162 
215.332 10.1296 
215.332 10.3075 
215.332 10.4854 
215.332 10.6634 
215.332 10.8413 
215.332 11.0192 
215.332 11.1972 
215.332 11.3751 
215.332 11.5531 
215.332 11.731 
215.332 11.7903 
215.332 11.8495 
215.332 11.9087 
215.332 11.968 
215.332 12.0273 
215.332 12.0865 
215.332 12.1457 
215.332 12.205 
215.332 12.2643 
215.332 12.3235 
215.332 12.3827 
215.332 12.442 
215.332 12.5013 
215.332 12.5605 
215.332 12.6197 
215.332 12.679 
215.332 12.5829 
215.332 12.4868 
215.332 12.3906 
215.332 12.2945 
215.332 12.1984 
215.332 12.1022 
215.332 12.0061 
215.332 11.91 
215.332 11.8139 
215.332 11.7178 
215.332 11.6216 
215.332 11.5255 
215.332 11.4294 
215.332 11.3332 
215.332 11.2371 

