215.332 16.386 
215.332 16.5362 
215.332 16.6865 
215.332 16.8367 
215.332 16.987 
215.332 17.1372 
215.332 17.2875 
215.332 17.4377 
215.332 17.588 
215.332 17.7383 
215.332 17.8885 
215.332 18.0388 
215.332 18.189 
215.332 18.3392 
215.332 18.4895 
215.332 18.6397 
215.332 23.617 
215.332 23.5166 
215.332 23.4163 
215.332 23.3159 
215.332 23.2155 
215.332 23.1151 
215.332 23.0147 
215.332 22.9144 
215.332 22.814 
215.332 22.7136 
215.332 22.6133 
215.332 22.5129 
215.332 22.4125 
215.332 22.3121 
215.332 22.2118 
215.332 22.1114 
215.332 5.958 
215.332 5.8905 
215.332 5.823 
215.332 5.7555 
215.332 5.688 
215.332 5.6205 
215.332 5.553 
215.332 5.4855 
215.332 5.418 
215.332 5.3505 
215.332 5.283 
215.332 5.2155 
215.332 5.148 
215.332 5.0805 
215.332 5.013 
215.332 4.9455 
215.332 5.147 
215.332 5.27963 
215.332 5.41225 
215.332 5.54488 
215.332 5.6775 
215.332 5.81013 
215.332 5.94275 
215.332 6.07538 
215.332 6.208 
215.332 6.34063 
215.332 6.47325 
215.332 6.60588 
215.332 6.7385 
215.332 6.87113 
215.332 7.00375 
215.332 7.13638 
215.332 6.148 
215.332 6.08 
215.332 6.012 
215.332 5.944 
215.332 5.876 
215.332 5.808 
215.332 5.74 
215.332 5.672 
215.332 5.604 
215.332 5.536 
215.332 5.468 
215.332 5.4 
215.332 5.332 
215.332 5.264 
215.332 5.196 
215.332 5.128 
215.332 1.148 
215.332 1.25019 
215.332 1.35237 
215.332 1.45456 
215.332 1.55675 
215.332 1.65894 
215.332 1.76112 
215.332 1.86331 
215.332 1.9655 
215.332 2.06769 
215.332 2.16987 
215.332 2.27206 
215.332 2.37425 
215.332 2.47644 
215.332 2.57862 
215.332 2.68081 
215.332 1.181 
215.332 1.24025 
215.332 1.2995 
215.332 1.35875 
215.332 1.418 
215.332 1.47725 
215.332 1.5365 
215.332 1.59575 
215.332 1.655 
215.332 1.71425 
215.332 1.7735 
215.332 1.83275 
215.332 1.892 
215.332 1.95125 
215.332 2.0105 
215.332 2.06975 
215.332 1.631 
215.332 1.62294 
215.332 1.61488 
215.332 1.60681 
215.332 1.59875 
215.332 1.59069 
215.332 1.58263 
215.332 1.57456 
215.332 1.5665 
215.332 1.55844 
215.332 1.55038 
215.332 1.54231 
215.332 1.53425 
215.332 1.52619 
215.332 1.51813 
215.332 1.51006 

