215.332 10.719 
215.332 11.0471 
215.332 11.3752 
215.332 11.7034 
215.332 12.0315 
215.332 12.3596 
215.332 12.6877 
215.332 13.0159 
215.332 13.344 
215.332 13.6721 
215.332 14.0002 
215.332 14.3284 
215.332 14.6565 
215.332 14.9846 
215.332 15.3127 
215.332 15.6409 
215.332 23.393 
215.332 23.3294 
215.332 23.2659 
215.332 23.2023 
215.332 23.1388 
215.332 23.0752 
215.332 23.0116 
215.332 22.9481 
215.332 22.8845 
215.332 22.8209 
215.332 22.7574 
215.332 22.6938 
215.332 22.6303 
215.332 22.5667 
215.332 22.5031 
215.332 22.4396 
215.332 8.666 
215.332 8.4445 
215.332 8.223 
215.332 8.0015 
215.332 7.78 
215.332 7.5585 
215.332 7.337 
215.332 7.1155 
215.332 6.894 
215.332 6.6725 
215.332 6.451 
215.332 6.2295 
215.332 6.008 
215.332 5.7865 
215.332 5.565 
215.332 5.3435 
215.332 4.657 
215.332 4.75762 
215.332 4.85825 
215.332 4.95887 
215.332 5.0595 
215.332 5.16012 
215.332 5.26075 
215.332 5.36137 
215.332 5.462 
215.332 5.56262 
215.332 5.66325 
215.332 5.76387 
215.332 5.8645 
215.332 5.96512 
215.332 6.06575 
215.332 6.16637 
215.332 8.389 
215.332 8.18106 
215.332 7.97312 
215.332 7.76519 
215.332 7.55725 
215.332 7.34931 
215.332 7.14138 
215.332 6.93344 
215.332 6.7255 
215.332 6.51756 
215.332 6.30962 
215.332 6.10169 
215.332 5.89375 
215.332 5.68581 
215.332 5.47787 
215.332 5.26994 
215.332 2.478 
215.332 2.86644 
215.332 3.25488 
215.332 3.64331 
215.332 4.03175 
215.332 4.42019 
215.332 4.80863 
215.332 5.19706 
215.332 5.5855 
215.332 5.97394 
215.332 6.36238 
215.332 6.75081 
215.332 7.13925 
215.332 7.52769 
215.332 7.91612 
215.332 8.30456 
215.332 1.336 
215.332 0.91625 
215.332 0.4965 
215.332 0.07675 
215.332 -0.343 
215.332 -0.76275 
215.332 -1.1825 
215.332 -1.60225 
215.332 -2.022 
215.332 -2.44175 
215.332 -2.8615 
215.332 -3.28125 
215.332 -3.701 
215.332 -4.12075 
215.332 -4.5405 
215.332 -4.96025 
215.332 0.836 
215.332 0.884875 
215.332 0.93375 
215.332 0.982625 
215.332 1.0315 
215.332 1.08038 
215.332 1.12925 
215.332 1.17813 
215.332 1.227 
215.332 1.27588 
215.332 1.32475 
215.332 1.37363 
215.332 1.4225 
215.332 1.47138 
215.332 1.52025 
215.332 1.56913 

