215.332 9.43441 
215.332 9.43539 
215.332 9.43638 
215.332 9.43736 
215.332 9.43835 
215.332 9.43934 
215.332 9.44032 
215.332 9.44131 
215.332 9.44229 
215.332 9.44328 
215.332 9.44426 
215.332 9.44525 
215.332 9.44623 
215.332 9.44722 
215.332 9.44821 
215.332 9.44919 
215.332 9.45018 
215.332 9.45116 
215.332 9.45215 
215.332 9.45313 
215.332 9.45412 
215.332 9.4551 
215.332 9.45609 
215.332 9.45708 
215.332 9.45806 
215.332 9.45905 
215.332 9.46003 
215.332 9.46102 
215.332 9.462 
215.332 9.46299 
215.332 9.46397 
215.332 9.46496 
215.332 9.46595 
215.332 9.46693 
215.332 9.46792 
215.332 9.4689 
215.332 9.46989 
215.332 9.47087 
215.332 9.47186 
215.332 9.47284 
215.332 9.47383 
215.332 9.47482 
215.332 9.4758 
215.332 9.47679 
215.332 9.47777 
215.332 9.47876 
215.332 9.47974 
215.332 9.48073 
215.332 9.48171 
215.332 9.4827 
215.332 9.48369 
215.332 9.48467 
215.332 9.48566 
215.332 9.48664 
215.332 9.48763 
215.332 9.48861 
215.332 9.4896 
215.332 9.49058 
215.332 9.49157 
215.332 9.49256 
215.332 9.49354 
215.332 9.49453 
215.332 9.49551 
215.332 9.4965 
215.332 9.49748 
215.332 9.49847 
215.332 9.49946 
215.332 9.50044 
215.332 9.50143 
215.332 9.50241 
215.332 9.5034 
215.332 9.50438 
215.332 9.50537 
215.332 9.50635 
215.332 9.50734 
215.332 9.50833 
215.332 9.50931 
215.332 9.5103 
215.332 9.51128 
215.332 9.51227 
215.332 9.51325 
215.332 9.51424 
215.332 9.51522 
215.332 9.51621 
215.332 9.5172 
215.332 9.51818 
215.332 9.51917 
215.332 9.52015 
215.332 9.52114 
215.332 9.52212 
215.332 9.52311 
215.332 9.52409 
215.332 9.52508 
215.332 9.52607 
215.332 9.52705 
215.332 9.52804 
215.332 9.52902 
215.332 9.53001 
215.332 9.53099 
215.332 9.53198 
215.332 9.53296 
215.332 9.53395 
215.332 9.53494 
215.332 9.53592 
215.332 9.53691 
215.332 9.53789 
215.332 9.53888 
215.332 9.53986 
215.332 9.54085 
215.332 9.54183 
215.332 9.54282 
215.332 9.54381 
215.332 9.54479 
215.332 9.54578 
215.332 9.54676 
215.332 9.54775 
215.332 9.54873 
215.332 9.54972 
215.332 9.5507 
215.332 9.55169 
215.332 9.55268 
215.332 9.55366 
215.332 9.55465 
215.332 9.55563 
215.332 9.55662 
215.332 9.5576 
215.332 9.55859 
215.332 9.55957 

