215.332 8.537 
215.332 8.65294 
215.332 8.76888 
215.332 8.88481 
215.332 9.00075 
215.332 9.11669 
215.332 9.23263 
215.332 9.34856 
215.332 9.4645 
215.332 9.58044 
215.332 9.69637 
215.332 9.81231 
215.332 9.92825 
215.332 10.0442 
215.332 10.1601 
215.332 10.2761 
215.332 10.392 
215.332 10.3136 
215.332 10.2352 
215.332 10.1569 
215.332 10.0785 
215.332 10.0001 
215.332 9.92175 
215.332 9.84337 
215.332 9.765 
215.332 9.68662 
215.332 9.60825 
215.332 9.52988 
215.332 9.4515 
215.332 9.37312 
215.332 9.29475 
215.332 9.21637 
215.332 9.138 
215.332 9.09731 
215.332 9.05663 
215.332 9.01594 
215.332 8.97525 
215.332 8.93456 
215.332 8.89387 
215.332 8.85319 
215.332 8.8125 
215.332 8.77181 
215.332 8.73113 
215.332 8.69044 
215.332 8.64975 
215.332 8.60906 
215.332 8.56837 
215.332 8.52769 
215.332 8.487 
215.332 8.53906 
215.332 8.59112 
215.332 8.64319 
215.332 8.69525 
215.332 8.74731 
215.332 8.79937 
215.332 8.85144 
215.332 8.9035 
215.332 8.95556 
215.332 9.00763 
215.332 9.05969 
215.332 9.11175 
215.332 9.16381 
215.332 9.21588 
215.332 9.26794 
215.332 9.32 
215.332 9.31231 
215.332 9.30462 
215.332 9.29694 
215.332 9.28925 
215.332 9.28156 
215.332 9.27388 
215.332 9.26619 
215.332 9.2585 
215.332 9.25081 
215.332 9.24312 
215.332 9.23544 
215.332 9.22775 
215.332 9.22006 
215.332 9.21237 
215.332 9.20469 
215.332 9.197 
215.332 9.31556 
215.332 9.43412 
215.332 9.55269 
215.332 9.67125 
215.332 9.78981 
215.332 9.90837 
215.332 10.0269 
215.332 10.1455 
215.332 10.2641 
215.332 10.3826 
215.332 10.5012 
215.332 10.6197 
215.332 10.7383 
215.332 10.8569 
215.332 10.9754 
215.332 11.094 
215.332 11.1605 
215.332 11.227 
215.332 11.2935 
215.332 11.36 
215.332 11.4265 
215.332 11.493 
215.332 11.5595 
215.332 11.626 
215.332 11.6925 
215.332 11.759 
215.332 11.8255 
215.332 11.892 
215.332 11.9585 
215.332 12.025 
215.332 12.0915 
215.332 12.158 
215.332 12.0184 
215.332 11.8788 
215.332 11.7391 
215.332 11.5995 
215.332 11.4599 
215.332 11.3202 
215.332 11.1806 
215.332 11.041 
215.332 10.9014 
215.332 10.7617 
215.332 10.6221 
215.332 10.4825 
215.332 10.3429 
215.332 10.2032 
215.332 10.0636 

