215.332 8.735 
215.332 8.79819 
215.332 8.86137 
215.332 8.92456 
215.332 8.98775 
215.332 9.05094 
215.332 9.11412 
215.332 9.17731 
215.332 9.2405 
215.332 9.30369 
215.332 9.36688 
215.332 9.43006 
215.332 9.49325 
215.332 9.55644 
215.332 9.61963 
215.332 9.68281 
215.332 9.746 
215.332 9.75031 
215.332 9.75463 
215.332 9.75894 
215.332 9.76325 
215.332 9.76756 
215.332 9.77187 
215.332 9.77619 
215.332 9.7805 
215.332 9.78481 
215.332 9.78913 
215.332 9.79344 
215.332 9.79775 
215.332 9.80206 
215.332 9.80637 
215.332 9.81069 
215.332 9.815 
215.332 9.71381 
215.332 9.61262 
215.332 9.51144 
215.332 9.41025 
215.332 9.30906 
215.332 9.20787 
215.332 9.10669 
215.332 9.0055 
215.332 8.90431 
215.332 8.80312 
215.332 8.70194 
215.332 8.60075 
215.332 8.49956 
215.332 8.39837 
215.332 8.29719 
215.332 8.196 
215.332 8.25869 
215.332 8.32137 
215.332 8.38406 
215.332 8.44675 
215.332 8.50944 
215.332 8.57212 
215.332 8.63481 
215.332 8.6975 
215.332 8.76019 
215.332 8.82287 
215.332 8.88556 
215.332 8.94825 
215.332 9.01094 
215.332 9.07362 
215.332 9.13631 
215.332 9.199 
215.332 9.13831 
215.332 9.07762 
215.332 9.01694 
215.332 8.95625 
215.332 8.89556 
215.332 8.83488 
215.332 8.77419 
215.332 8.7135 
215.332 8.65281 
215.332 8.59212 
215.332 8.53144 
215.332 8.47075 
215.332 8.41006 
215.332 8.34938 
215.332 8.28869 
215.332 8.228 
215.332 8.48825 
215.332 8.7485 
215.332 9.00875 
215.332 9.269 
215.332 9.52925 
215.332 9.7895 
215.332 10.0497 
215.332 10.31 
215.332 10.5702 
215.332 10.8305 
215.332 11.0907 
215.332 11.351 
215.332 11.6113 
215.332 11.8715 
215.332 12.1318 
215.332 12.392 
215.332 12.3245 
215.332 12.257 
215.332 12.1895 
215.332 12.122 
215.332 12.0545 
215.332 11.987 
215.332 11.9195 
215.332 11.852 
215.332 11.7845 
215.332 11.717 
215.332 11.6495 
215.332 11.582 
215.332 11.5145 
215.332 11.447 
215.332 11.3795 
215.332 11.312 
215.332 11.2189 
215.332 11.1259 
215.332 11.0328 
215.332 10.9398 
215.332 10.8467 
215.332 10.7536 
215.332 10.6606 
215.332 10.5675 
215.332 10.4744 
215.332 10.3814 
215.332 10.2883 
215.332 10.1952 
215.332 10.1022 
215.332 10.0091 
215.332 9.91606 

