215.332 8.908 
215.332 8.95475 
215.332 9.0015 
215.332 9.04825 
215.332 9.095 
215.332 9.14175 
215.332 9.1885 
215.332 9.23525 
215.332 9.282 
215.332 9.32875 
215.332 9.3755 
215.332 9.42225 
215.332 9.469 
215.332 9.51575 
215.332 9.5625 
215.332 9.60925 
215.332 9.656 
215.332 9.60787 
215.332 9.55975 
215.332 9.51163 
215.332 9.4635 
215.332 9.41538 
215.332 9.36725 
215.332 9.31912 
215.332 9.271 
215.332 9.22288 
215.332 9.17475 
215.332 9.12662 
215.332 9.0785 
215.332 9.03037 
215.332 8.98225 
215.332 8.93412 
215.332 8.886 
215.332 8.87694 
215.332 8.86787 
215.332 8.85881 
215.332 8.84975 
215.332 8.84069 
215.332 8.83162 
215.332 8.82256 
215.332 8.8135 
215.332 8.80444 
215.332 8.79537 
215.332 8.78631 
215.332 8.77725 
215.332 8.76819 
215.332 8.75912 
215.332 8.75006 
215.332 8.741 
215.332 8.71513 
215.332 8.68925 
215.332 8.66338 
215.332 8.6375 
215.332 8.61163 
215.332 8.58575 
215.332 8.55987 
215.332 8.534 
215.332 8.50812 
215.332 8.48225 
215.332 8.45637 
215.332 8.4305 
215.332 8.40462 
215.332 8.37875 
215.332 8.35287 
215.332 8.327 
215.332 8.29656 
215.332 8.26613 
215.332 8.23569 
215.332 8.20525 
215.332 8.17481 
215.332 8.14438 
215.332 8.11394 
215.332 8.0835 
215.332 8.05306 
215.332 8.02262 
215.332 7.99219 
215.332 7.96175 
215.332 7.93131 
215.332 7.90088 
215.332 7.87044 
215.332 7.84 
215.332 8.10969 
215.332 8.37937 
215.332 8.64906 
215.332 8.91875 
215.332 9.18844 
215.332 9.45812 
215.332 9.72781 
215.332 9.9975 
215.332 10.2672 
215.332 10.5369 
215.332 10.8066 
215.332 11.0762 
215.332 11.3459 
215.332 11.6156 
215.332 11.8853 
215.332 12.155 
215.332 12.0951 
215.332 12.0351 
215.332 11.9752 
215.332 11.9153 
215.332 11.8553 
215.332 11.7954 
215.332 11.7354 
215.332 11.6755 
215.332 11.6156 
215.332 11.5556 
215.332 11.4957 
215.332 11.4357 
215.332 11.3758 
215.332 11.3159 
215.332 11.2559 
215.332 11.196 
215.332 11.0936 
215.332 10.9912 
215.332 10.8889 
215.332 10.7865 
215.332 10.6841 
215.332 10.5817 
215.332 10.4794 
215.332 10.377 
215.332 10.2746 
215.332 10.1723 
215.332 10.0699 
215.332 9.9675 
215.332 9.86512 
215.332 9.76275 
215.332 9.66038 

