215.332 9.691 
215.332 9.69063 
215.332 9.69025 
215.332 9.68988 
215.332 9.6895 
215.332 9.68913 
215.332 9.68875 
215.332 9.68838 
215.332 9.688 
215.332 9.68763 
215.332 9.68725 
215.332 9.68688 
215.332 9.6865 
215.332 9.68613 
215.332 9.68575 
215.332 9.68538 
215.332 9.685 
215.332 9.62713 
215.332 9.56925 
215.332 9.51138 
215.332 9.4535 
215.332 9.39563 
215.332 9.33775 
215.332 9.27988 
215.332 9.222 
215.332 9.16413 
215.332 9.10625 
215.332 9.04838 
215.332 8.9905 
215.332 8.93262 
215.332 8.87475 
215.332 8.81687 
215.332 8.759 
215.332 8.78288 
215.332 8.80675 
215.332 8.83062 
215.332 8.8545 
215.332 8.87838 
215.332 8.90225 
215.332 8.92613 
215.332 8.95 
215.332 8.97387 
215.332 8.99775 
215.332 9.02163 
215.332 9.0455 
215.332 9.06938 
215.332 9.09325 
215.332 9.11712 
215.332 9.141 
215.332 9.13019 
215.332 9.11937 
215.332 9.10856 
215.332 9.09775 
215.332 9.08694 
215.332 9.07612 
215.332 9.06531 
215.332 9.0545 
215.332 9.04369 
215.332 9.03288 
215.332 9.02206 
215.332 9.01125 
215.332 9.00044 
215.332 8.98963 
215.332 8.97881 
215.332 8.968 
215.332 8.98944 
215.332 9.01088 
215.332 9.03231 
215.332 9.05375 
215.332 9.07519 
215.332 9.09662 
215.332 9.11806 
215.332 9.1395 
215.332 9.16094 
215.332 9.18238 
215.332 9.20381 
215.332 9.22525 
215.332 9.24669 
215.332 9.26812 
215.332 9.28956 
215.332 9.311 
215.332 9.46406 
215.332 9.61712 
215.332 9.77019 
215.332 9.92325 
215.332 10.0763 
215.332 10.2294 
215.332 10.3824 
215.332 10.5355 
215.332 10.6886 
215.332 10.8416 
215.332 10.9947 
215.332 11.1478 
215.332 11.3008 
215.332 11.4539 
215.332 11.6069 
215.332 11.76 
215.332 11.77 
215.332 11.78 
215.332 11.79 
215.332 11.8 
215.332 11.81 
215.332 11.82 
215.332 11.83 
215.332 11.84 
215.332 11.85 
215.332 11.86 
215.332 11.87 
215.332 11.88 
215.332 11.89 
215.332 11.9 
215.332 11.91 
215.332 11.92 
215.332 11.9233 
215.332 11.9266 
215.332 11.9299 
215.332 11.9333 
215.332 11.9366 
215.332 11.9399 
215.332 11.9432 
215.332 11.9465 
215.332 11.9498 
215.332 11.9531 
215.332 11.9564 
215.332 11.9597 
215.332 11.9631 
215.332 11.9664 
215.332 11.9697 

