215.332 18.254 
215.332 18.3901 
215.332 18.5263 
215.332 18.6624 
215.332 18.7985 
215.332 18.9346 
215.332 19.0708 
215.332 19.2069 
215.332 19.343 
215.332 19.4791 
215.332 19.6153 
215.332 19.7514 
215.332 19.8875 
215.332 20.0236 
215.332 20.1598 
215.332 20.2959 
215.332 22.715 
215.332 22.6043 
215.332 22.4935 
215.332 22.3828 
215.332 22.272 
215.332 22.1612 
215.332 22.0505 
215.332 21.9398 
215.332 21.829 
215.332 21.7183 
215.332 21.6075 
215.332 21.4967 
215.332 21.386 
215.332 21.2752 
215.332 21.1645 
215.332 21.0538 
215.332 5.942 
215.332 6.04188 
215.332 6.14175 
215.332 6.24162 
215.332 6.3415 
215.332 6.44138 
215.332 6.54125 
215.332 6.64113 
215.332 6.741 
215.332 6.84088 
215.332 6.94075 
215.332 7.04063 
215.332 7.1405 
215.332 7.24038 
215.332 7.34025 
215.332 7.44013 
215.332 5.636 
215.332 5.58469 
215.332 5.53337 
215.332 5.48206 
215.332 5.43075 
215.332 5.37944 
215.332 5.32812 
215.332 5.27681 
215.332 5.2255 
215.332 5.17419 
215.332 5.12287 
215.332 5.07156 
215.332 5.02025 
215.332 4.96894 
215.332 4.91762 
215.332 4.86631 
215.332 3.716 
215.332 3.81638 
215.332 3.91675 
215.332 4.01713 
215.332 4.1175 
215.332 4.21788 
215.332 4.31825 
215.332 4.41863 
215.332 4.519 
215.332 4.61938 
215.332 4.71975 
215.332 4.82013 
215.332 4.9205 
215.332 5.02088 
215.332 5.12125 
215.332 5.22163 
215.332 1.235 
215.332 1.30913 
215.332 1.38325 
215.332 1.45738 
215.332 1.5315 
215.332 1.60563 
215.332 1.67975 
215.332 1.75388 
215.332 1.828 
215.332 1.90213 
215.332 1.97625 
215.332 2.05037 
215.332 2.1245 
215.332 2.19862 
215.332 2.27275 
215.332 2.34687 
215.332 1.194 
215.332 1.17487 
215.332 1.15575 
215.332 1.13662 
215.332 1.1175 
215.332 1.09837 
215.332 1.07925 
215.332 1.06012 
215.332 1.041 
215.332 1.02187 
215.332 1.00275 
215.332 0.983625 
215.332 0.9645 
215.332 0.945375 
215.332 0.92625 
215.332 0.907125 
215.332 1.019 
215.332 0.973125 
215.332 0.92725 
215.332 0.881375 
215.332 0.8355 
215.332 0.789625 
215.332 0.74375 
215.332 0.697875 
215.332 0.652 
215.332 0.606125 
215.332 0.56025 
215.332 0.514375 
215.332 0.4685 
215.332 0.422625 
215.332 0.37675 
215.332 0.330875 

