1291.99 1.146 
1291.99 1.165 
1291.99 1.184 
1291.99 1.203 
1291.99 1.222 
1291.99 1.241 
1291.99 1.26 
1291.99 1.279 
1291.99 1.298 
1291.99 1.317 
1291.99 1.336 
1291.99 1.355 
1291.99 1.309 
1291.99 1.263 
1291.99 1.217 
1291.99 1.171 
1291.99 1.125 
1291.99 1.079 
1291.99 1.033 
1291.99 0.987 
1291.99 0.941 
1291.99 0.895 
1291.99 0.849 
1291.99 1.04418 
1291.99 1.23936 
1291.99 1.43455 
1291.99 1.62973 
1291.99 1.82491 
1291.99 2.02009 
1291.99 2.21527 
1291.99 2.41045 
1291.99 2.60564 
1291.99 2.80082 
1291.99 2.996 
1291.99 2.92309 
1291.99 2.85018 
1291.99 2.77727 
1291.99 2.70436 
1291.99 2.63145 
1291.99 2.55855 
1291.99 2.48564 
1291.99 2.41273 
1291.99 2.33982 
1291.99 2.26691 
1291.99 2.194 
1291.99 2.06618 
1291.99 1.93836 
1291.99 1.81055 
1291.99 1.68273 
1291.99 1.55491 
1291.99 1.42709 
1291.99 1.29927 
1291.99 1.17145 
1291.99 1.04364 
1291.99 0.915818 
1291.99 0.788 
1291.99 0.767364 
1291.99 0.746727 
1291.99 0.726091 
1291.99 0.705455 
1291.99 0.684818 
1291.99 0.664182 
1291.99 0.643545 
1291.99 0.622909 
1291.99 0.602273 
1291.99 0.581636 
1291.99 0.561 
1291.99 0.697273 
1291.99 0.833545 
1291.99 0.969818 
1291.99 1.10609 
1291.99 1.24236 
1291.99 1.37864 
1291.99 1.51491 
1291.99 1.65118 
1291.99 1.78745 
1291.99 1.92373 
1291.99 2.06 
1291.99 1.96055 
1291.99 1.86109 
1291.99 1.76164 
1291.99 1.66218 
1291.99 1.56273 
1291.99 1.46327 
1291.99 1.36382 
1291.99 1.26436 
1291.99 1.16491 
1291.99 1.06545 

