1291.99 1.242 
1291.99 1.23291 
1291.99 1.22382 
1291.99 1.21473 
1291.99 1.20564 
1291.99 1.19655 
1291.99 1.18745 
1291.99 1.17836 
1291.99 1.16927 
1291.99 1.16018 
1291.99 1.15109 
1291.99 1.142 
1291.99 1.101 
1291.99 1.06 
1291.99 1.019 
1291.99 0.978 
1291.99 0.937 
1291.99 0.896 
1291.99 0.855 
1291.99 0.814 
1291.99 0.773 
1291.99 0.732 
1291.99 0.691 
1291.99 0.918 
1291.99 1.145 
1291.99 1.372 
1291.99 1.599 
1291.99 1.826 
1291.99 2.053 
1291.99 2.28 
1291.99 2.507 
1291.99 2.734 
1291.99 2.961 
1291.99 3.188 
1291.99 3.10391 
1291.99 3.01982 
1291.99 2.93573 
1291.99 2.85164 
1291.99 2.76755 
1291.99 2.68345 
1291.99 2.59936 
1291.99 2.51527 
1291.99 2.43118 
1291.99 2.34709 
1291.99 2.263 
1291.99 2.12564 
1291.99 1.98827 
1291.99 1.85091 
1291.99 1.71355 
1291.99 1.57618 
1291.99 1.43882 
1291.99 1.30145 
1291.99 1.16409 
1291.99 1.02673 
1291.99 0.889364 
1291.99 0.752 
1291.99 0.694091 
1291.99 0.636182 
1291.99 0.578273 
1291.99 0.520364 
1291.99 0.462455 
1291.99 0.404545 
1291.99 0.346636 
1291.99 0.288727 
1291.99 0.230818 
1291.99 0.172909 
1291.99 0.115 
1291.99 0.304 
1291.99 0.493 
1291.99 0.682 
1291.99 0.871 
1291.99 1.06 
1291.99 1.249 
1291.99 1.438 
1291.99 1.627 
1291.99 1.816 
1291.99 2.005 
1291.99 2.194 
1291.99 2.09391 
1291.99 1.99382 
1291.99 1.89373 
1291.99 1.79364 
1291.99 1.69355 
1291.99 1.59345 
1291.99 1.49336 
1291.99 1.39327 
1291.99 1.29318 
1291.99 1.19309 

