1291.99 1.864 
1291.99 1.80927 
1291.99 1.75455 
1291.99 1.69982 
1291.99 1.64509 
1291.99 1.59036 
1291.99 1.53564 
1291.99 1.48091 
1291.99 1.42618 
1291.99 1.37145 
1291.99 1.31673 
1291.99 1.262 
1291.99 1.22464 
1291.99 1.18727 
1291.99 1.14991 
1291.99 1.11255 
1291.99 1.07518 
1291.99 1.03782 
1291.99 1.00045 
1291.99 0.963091 
1291.99 0.925727 
1291.99 0.888364 
1291.99 0.851 
1291.99 1.11909 
1291.99 1.38718 
1291.99 1.65527 
1291.99 1.92336 
1291.99 2.19145 
1291.99 2.45955 
1291.99 2.72764 
1291.99 2.99573 
1291.99 3.26382 
1291.99 3.53191 
1291.99 3.8 
1291.99 3.71282 
1291.99 3.62564 
1291.99 3.53845 
1291.99 3.45127 
1291.99 3.36409 
1291.99 3.27691 
1291.99 3.18973 
1291.99 3.10255 
1291.99 3.01536 
1291.99 2.92818 
1291.99 2.841 
1291.99 2.66118 
1291.99 2.48136 
1291.99 2.30155 
1291.99 2.12173 
1291.99 1.94191 
1291.99 1.76209 
1291.99 1.58227 
1291.99 1.40245 
1291.99 1.22264 
1291.99 1.04282 
1291.99 0.863 
1291.99 0.803909 
1291.99 0.744818 
1291.99 0.685727 
1291.99 0.626636 
1291.99 0.567545 
1291.99 0.508455 
1291.99 0.449364 
1291.99 0.390273 
1291.99 0.331182 
1291.99 0.272091 
1291.99 0.213 
1291.99 0.430364 
1291.99 0.647727 
1291.99 0.865091 
1291.99 1.08245 
1291.99 1.29982 
1291.99 1.51718 
1291.99 1.73455 
1291.99 1.95191 
1291.99 2.16927 
1291.99 2.38664 
1291.99 2.604 
1291.99 2.45391 
1291.99 2.30382 
1291.99 2.15373 
1291.99 2.00364 
1291.99 1.85355 
1291.99 1.70345 
1291.99 1.55336 
1291.99 1.40327 
1291.99 1.25318 
1291.99 1.10309 

