1291.99 1.735 
1291.99 1.71291 
1291.99 1.69082 
1291.99 1.66873 
1291.99 1.64664 
1291.99 1.62455 
1291.99 1.60245 
1291.99 1.58036 
1291.99 1.55827 
1291.99 1.53618 
1291.99 1.51409 
1291.99 1.492 
1291.99 1.42609 
1291.99 1.36018 
1291.99 1.29427 
1291.99 1.22836 
1291.99 1.16245 
1291.99 1.09655 
1291.99 1.03064 
1291.99 0.964727 
1291.99 0.898818 
1291.99 0.832909 
1291.99 0.767 
1291.99 0.990455 
1291.99 1.21391 
1291.99 1.43736 
1291.99 1.66082 
1291.99 1.88427 
1291.99 2.10773 
1291.99 2.33118 
1291.99 2.55464 
1291.99 2.77809 
1291.99 3.00155 
1291.99 3.225 
1291.99 3.14873 
1291.99 3.07245 
1291.99 2.99618 
1291.99 2.91991 
1291.99 2.84364 
1291.99 2.76736 
1291.99 2.69109 
1291.99 2.61482 
1291.99 2.53855 
1291.99 2.46227 
1291.99 2.386 
1291.99 2.24355 
1291.99 2.10109 
1291.99 1.95864 
1291.99 1.81618 
1291.99 1.67373 
1291.99 1.53127 
1291.99 1.38882 
1291.99 1.24636 
1291.99 1.10391 
1291.99 0.961455 
1291.99 0.819 
1291.99 0.793545 
1291.99 0.768091 
1291.99 0.742636 
1291.99 0.717182 
1291.99 0.691727 
1291.99 0.666273 
1291.99 0.640818 
1291.99 0.615364 
1291.99 0.589909 
1291.99 0.564455 
1291.99 0.539 
1291.99 0.676182 
1291.99 0.813364 
1291.99 0.950545 
1291.99 1.08773 
1291.99 1.22491 
1291.99 1.36209 
1291.99 1.49927 
1291.99 1.63645 
1291.99 1.77364 
1291.99 1.91082 
1291.99 2.048 
1291.99 1.94918 
1291.99 1.85036 
1291.99 1.75155 
1291.99 1.65273 
1291.99 1.55391 
1291.99 1.45509 
1291.99 1.35627 
1291.99 1.25745 
1291.99 1.15864 
1291.99 1.05982 

