1291.99 1.054 
1291.99 1.01009 
1291.99 0.966182 
1291.99 0.922273 
1291.99 0.878364 
1291.99 0.834455 
1291.99 0.790545 
1291.99 0.746636 
1291.99 0.702727 
1291.99 0.658818 
1291.99 0.614909 
1291.99 0.571 
1291.99 0.674364 
1291.99 0.777727 
1291.99 0.881091 
1291.99 0.984455 
1291.99 1.08782 
1291.99 1.19118 
1291.99 1.29455 
1291.99 1.39791 
1291.99 1.50127 
1291.99 1.60464 
1291.99 1.708 
1291.99 1.88864 
1291.99 2.06927 
1291.99 2.24991 
1291.99 2.43055 
1291.99 2.61118 
1291.99 2.79182 
1291.99 2.97245 
1291.99 3.15309 
1291.99 3.33373 
1291.99 3.51436 
1291.99 3.695 
1291.99 3.60691 
1291.99 3.51882 
1291.99 3.43073 
1291.99 3.34264 
1291.99 3.25455 
1291.99 3.16645 
1291.99 3.07836 
1291.99 2.99027 
1291.99 2.90218 
1291.99 2.81409 
1291.99 2.726 
1291.99 2.54409 
1291.99 2.36218 
1291.99 2.18027 
1291.99 1.99836 
1291.99 1.81645 
1291.99 1.63455 
1291.99 1.45264 
1291.99 1.27073 
1291.99 1.08882 
1291.99 0.906909 
1291.99 0.725 
1291.99 0.704182 
1291.99 0.683364 
1291.99 0.662545 
1291.99 0.641727 
1291.99 0.620909 
1291.99 0.600091 
1291.99 0.579273 
1291.99 0.558455 
1291.99 0.537636 
1291.99 0.516818 
1291.99 0.496 
1291.99 0.675273 
1291.99 0.854545 
1291.99 1.03382 
1291.99 1.21309 
1291.99 1.39236 
1291.99 1.57164 
1291.99 1.75091 
1291.99 1.93018 
1291.99 2.10945 
1291.99 2.28873 
1291.99 2.468 
1291.99 2.33482 
1291.99 2.20164 
1291.99 2.06845 
1291.99 1.93527 
1291.99 1.80209 
1291.99 1.66891 
1291.99 1.53573 
1291.99 1.40255 
1291.99 1.26936 
1291.99 1.13618 

