1291.99 1.286 
1291.99 1.24973 
1291.99 1.21345 
1291.99 1.17718 
1291.99 1.14091 
1291.99 1.10464 
1291.99 1.06836 
1291.99 1.03209 
1291.99 0.995818 
1291.99 0.959545 
1291.99 0.923273 
1291.99 0.887 
1291.99 0.882182 
1291.99 0.877364 
1291.99 0.872545 
1291.99 0.867727 
1291.99 0.862909 
1291.99 0.858091 
1291.99 0.853273 
1291.99 0.848455 
1291.99 0.843636 
1291.99 0.838818 
1291.99 0.834 
1291.99 1.12291 
1291.99 1.41182 
1291.99 1.70073 
1291.99 1.98964 
1291.99 2.27855 
1291.99 2.56745 
1291.99 2.85636 
1291.99 3.14527 
1291.99 3.43418 
1291.99 3.72309 
1291.99 4.012 
1291.99 3.93764 
1291.99 3.86327 
1291.99 3.78891 
1291.99 3.71455 
1291.99 3.64018 
1291.99 3.56582 
1291.99 3.49145 
1291.99 3.41709 
1291.99 3.34273 
1291.99 3.26836 
1291.99 3.194 
1291.99 2.98245 
1291.99 2.77091 
1291.99 2.55936 
1291.99 2.34782 
1291.99 2.13627 
1291.99 1.92473 
1291.99 1.71318 
1291.99 1.50164 
1291.99 1.29009 
1291.99 1.07855 
1291.99 0.867 
1291.99 0.848545 
1291.99 0.830091 
1291.99 0.811636 
1291.99 0.793182 
1291.99 0.774727 
1291.99 0.756273 
1291.99 0.737818 
1291.99 0.719364 
1291.99 0.700909 
1291.99 0.682455 
1291.99 0.664 
1291.99 0.703364 
1291.99 0.742727 
1291.99 0.782091 
1291.99 0.821455 
1291.99 0.860818 
1291.99 0.900182 
1291.99 0.939545 
1291.99 0.978909 
1291.99 1.01827 
1291.99 1.05764 
1291.99 1.097 
1291.99 1.08536 
1291.99 1.07373 
1291.99 1.06209 
1291.99 1.05045 
1291.99 1.03882 
1291.99 1.02718 
1291.99 1.01555 
1291.99 1.00391 
1291.99 0.992273 
1291.99 0.980636 

