1291.99 1.828 
1291.99 1.80382 
1291.99 1.77964 
1291.99 1.75545 
1291.99 1.73127 
1291.99 1.70709 
1291.99 1.68291 
1291.99 1.65873 
1291.99 1.63455 
1291.99 1.61036 
1291.99 1.58618 
1291.99 1.562 
1291.99 1.50082 
1291.99 1.43964 
1291.99 1.37845 
1291.99 1.31727 
1291.99 1.25609 
1291.99 1.19491 
1291.99 1.13373 
1291.99 1.07255 
1291.99 1.01136 
1291.99 0.950182 
1291.99 0.889 
1291.99 1.157 
1291.99 1.425 
1291.99 1.693 
1291.99 1.961 
1291.99 2.229 
1291.99 2.497 
1291.99 2.765 
1291.99 3.033 
1291.99 3.301 
1291.99 3.569 
1291.99 3.837 
1291.99 3.69991 
1291.99 3.56282 
1291.99 3.42573 
1291.99 3.28864 
1291.99 3.15155 
1291.99 3.01445 
1291.99 2.87736 
1291.99 2.74027 
1291.99 2.60318 
1291.99 2.46609 
1291.99 2.329 
1291.99 2.18436 
1291.99 2.03973 
1291.99 1.89509 
1291.99 1.75045 
1291.99 1.60582 
1291.99 1.46118 
1291.99 1.31655 
1291.99 1.17191 
1291.99 1.02727 
1291.99 0.882636 
1291.99 0.738 
1291.99 0.728636 
1291.99 0.719273 
1291.99 0.709909 
1291.99 0.700545 
1291.99 0.691182 
1291.99 0.681818 
1291.99 0.672455 
1291.99 0.663091 
1291.99 0.653727 
1291.99 0.644364 
1291.99 0.635 
1291.99 0.785636 
1291.99 0.936273 
1291.99 1.08691 
1291.99 1.23755 
1291.99 1.38818 
1291.99 1.53882 
1291.99 1.68945 
1291.99 1.84009 
1291.99 1.99073 
1291.99 2.14136 
1291.99 2.292 
1291.99 2.18009 
1291.99 2.06818 
1291.99 1.95627 
1291.99 1.84436 
1291.99 1.73245 
1291.99 1.62055 
1291.99 1.50864 
1291.99 1.39673 
1291.99 1.28482 
1291.99 1.17291 

