1291.99 2.363 
1291.99 2.258 
1291.99 2.153 
1291.99 2.048 
1291.99 1.943 
1291.99 1.838 
1291.99 1.733 
1291.99 1.628 
1291.99 1.523 
1291.99 1.418 
1291.99 1.313 
1291.99 1.208 
1291.99 1.23055 
1291.99 1.25309 
1291.99 1.27564 
1291.99 1.29818 
1291.99 1.32073 
1291.99 1.34327 
1291.99 1.36582 
1291.99 1.38836 
1291.99 1.41091 
1291.99 1.43345 
1291.99 1.456 
1291.99 1.61264 
1291.99 1.76927 
1291.99 1.92591 
1291.99 2.08255 
1291.99 2.23918 
1291.99 2.39582 
1291.99 2.55245 
1291.99 2.70909 
1291.99 2.86573 
1291.99 3.02236 
1291.99 3.179 
1291.99 3.16482 
1291.99 3.15064 
1291.99 3.13645 
1291.99 3.12227 
1291.99 3.10809 
1291.99 3.09391 
1291.99 3.07973 
1291.99 3.06555 
1291.99 3.05136 
1291.99 3.03718 
1291.99 3.023 
1291.99 2.81164 
1291.99 2.60027 
1291.99 2.38891 
1291.99 2.17755 
1291.99 1.96618 
1291.99 1.75482 
1291.99 1.54345 
1291.99 1.33209 
1291.99 1.12073 
1291.99 0.909364 
1291.99 0.698 
1291.99 0.652091 
1291.99 0.606182 
1291.99 0.560273 
1291.99 0.514364 
1291.99 0.468455 
1291.99 0.422545 
1291.99 0.376636 
1291.99 0.330727 
1291.99 0.284818 
1291.99 0.238909 
1291.99 0.193 
1291.99 0.401091 
1291.99 0.609182 
1291.99 0.817273 
1291.99 1.02536 
1291.99 1.23345 
1291.99 1.44155 
1291.99 1.64964 
1291.99 1.85773 
1291.99 2.06582 
1291.99 2.27391 
1291.99 2.482 
1291.99 2.34945 
1291.99 2.21691 
1291.99 2.08436 
1291.99 1.95182 
1291.99 1.81927 
1291.99 1.68673 
1291.99 1.55418 
1291.99 1.42164 
1291.99 1.28909 
1291.99 1.15655 

