1291.99 0.567 
1291.99 0.603909 
1291.99 0.640818 
1291.99 0.677727 
1291.99 0.714636 
1291.99 0.751545 
1291.99 0.788455 
1291.99 0.825364 
1291.99 0.862273 
1291.99 0.899182 
1291.99 0.936091 
1291.99 0.973 
1291.99 0.924545 
1291.99 0.876091 
1291.99 0.827636 
1291.99 0.779182 
1291.99 0.730727 
1291.99 0.682273 
1291.99 0.633818 
1291.99 0.585364 
1291.99 0.536909 
1291.99 0.488455 
1291.99 0.44 
1291.99 0.693909 
1291.99 0.947818 
1291.99 1.20173 
1291.99 1.45564 
1291.99 1.70955 
1291.99 1.96345 
1291.99 2.21736 
1291.99 2.47127 
1291.99 2.72518 
1291.99 2.97909 
1291.99 3.233 
1291.99 3.25309 
1291.99 3.27318 
1291.99 3.29327 
1291.99 3.31336 
1291.99 3.33345 
1291.99 3.35355 
1291.99 3.37364 
1291.99 3.39373 
1291.99 3.41382 
1291.99 3.43391 
1291.99 3.454 
1291.99 3.21309 
1291.99 2.97218 
1291.99 2.73127 
1291.99 2.49036 
1291.99 2.24945 
1291.99 2.00855 
1291.99 1.76764 
1291.99 1.52673 
1291.99 1.28582 
1291.99 1.04491 
1291.99 0.804 
1291.99 0.750909 
1291.99 0.697818 
1291.99 0.644727 
1291.99 0.591636 
1291.99 0.538545 
1291.99 0.485455 
1291.99 0.432364 
1291.99 0.379273 
1291.99 0.326182 
1291.99 0.273091 
1291.99 0.22 
1291.99 0.405727 
1291.99 0.591455 
1291.99 0.777182 
1291.99 0.962909 
1291.99 1.14864 
1291.99 1.33436 
1291.99 1.52009 
1291.99 1.70582 
1291.99 1.89155 
1291.99 2.07727 
1291.99 2.263 
1291.99 2.14227 
1291.99 2.02155 
1291.99 1.90082 
1291.99 1.78009 
1291.99 1.65936 
1291.99 1.53864 
1291.99 1.41791 
1291.99 1.29718 
1291.99 1.17645 
1291.99 1.05573 

