1291.99 1.654 
1291.99 1.6015 
1291.99 1.549 
1291.99 1.4965 
1291.99 1.444 
1291.99 1.3915 
1291.99 1.339 
1291.99 1.2865 
1291.99 1.234 
1291.99 1.1815 
1291.99 1.129 
1291.99 1.0765 
1291.99 1.024 
1291.99 0.9715 
1291.99 0.919 
1291.99 0.8665 
1291.99 0.814 
1291.99 0.929812 
1291.99 1.04562 
1291.99 1.16144 
1291.99 1.27725 
1291.99 1.39306 
1291.99 1.50887 
1291.99 1.62469 
1291.99 1.7405 
1291.99 1.85631 
1291.99 1.97212 
1291.99 2.08794 
1291.99 2.20375 
1291.99 2.31956 
1291.99 2.43537 
1291.99 2.55119 
1291.99 2.667 
1291.99 2.69169 
1291.99 2.71637 
1291.99 2.74106 
1291.99 2.76575 
1291.99 2.79044 
1291.99 2.81512 
1291.99 2.83981 
1291.99 2.8645 
1291.99 2.88919 
1291.99 2.91387 
1291.99 2.93856 
1291.99 2.96325 
1291.99 2.98794 
1291.99 3.01262 
1291.99 3.03731 
1291.99 3.062 
1291.99 3.14625 
1291.99 3.2305 
1291.99 3.31475 
1291.99 3.399 
1291.99 3.48325 
1291.99 3.5675 
1291.99 3.65175 
1291.99 3.736 
1291.99 3.82025 
1291.99 3.9045 
1291.99 3.98875 
1291.99 4.073 
1291.99 4.15725 
1291.99 4.2415 
1291.99 4.32575 
1291.99 4.41 
1291.99 4.55106 
1291.99 4.69212 
1291.99 4.83319 
1291.99 4.97425 
1291.99 5.11531 
1291.99 5.25638 
1291.99 5.39744 
1291.99 5.5385 
1291.99 5.67956 
1291.99 5.82062 
1291.99 5.96169 
1291.99 6.10275 
1291.99 6.24381 
1291.99 6.38488 
1291.99 6.52594 
1291.99 6.667 
1291.99 6.29969 
1291.99 5.93237 
1291.99 5.56506 
1291.99 5.19775 
1291.99 4.83044 
1291.99 4.46312 
1291.99 4.09581 
1291.99 3.7285 
1291.99 3.36119 
1291.99 2.99388 
1291.99 2.62656 
1291.99 2.25925 
1291.99 1.89194 
1291.99 1.52463 
1291.99 1.15731 
1291.99 0.79 
1291.99 0.773313 
1291.99 0.756625 
1291.99 0.739938 
1291.99 0.72325 
1291.99 0.706562 
1291.99 0.689875 
1291.99 0.673188 
1291.99 0.6565 
1291.99 0.639813 
1291.99 0.623125 
1291.99 0.606437 
1291.99 0.58975 
1291.99 0.573063 
1291.99 0.556375 
1291.99 0.539688 
1291.99 0.523 
1291.99 0.671 
1291.99 0.819 
1291.99 0.967 
1291.99 1.115 
1291.99 1.263 
1291.99 1.411 
1291.99 1.559 
1291.99 1.707 
1291.99 1.855 
1291.99 2.003 
1291.99 2.151 
1291.99 2.299 
1291.99 2.447 
1291.99 2.595 
1291.99 2.743 

