1291.99 0.295 
1291.99 0.283938 
1291.99 0.272875 
1291.99 0.261813 
1291.99 0.25075 
1291.99 0.239687 
1291.99 0.228625 
1291.99 0.217563 
1291.99 0.2065 
1291.99 0.195438 
1291.99 0.184375 
1291.99 0.173313 
1291.99 0.16225 
1291.99 0.151188 
1291.99 0.140125 
1291.99 0.129063 
1291.99 0.445 
1291.99 0.523813 
1291.99 0.602625 
1291.99 0.681437 
1291.99 0.76025 
1291.99 0.839063 
1291.99 0.917875 
1291.99 0.996687 
1291.99 1.0755 
1291.99 1.15431 
1291.99 1.23313 
1291.99 1.31194 
1291.99 1.39075 
1291.99 1.46956 
1291.99 1.54838 
1291.99 1.62719 
1291.99 0.644 
1291.99 0.784188 
1291.99 0.924375 
1291.99 1.06456 
1291.99 1.20475 
1291.99 1.34494 
1291.99 1.48513 
1291.99 1.62531 
1291.99 1.7655 
1291.99 1.90569 
1291.99 2.04588 
1291.99 2.18606 
1291.99 2.32625 
1291.99 2.46644 
1291.99 2.60662 
1291.99 2.74681 
1291.99 3.003 
1291.99 3.07256 
1291.99 3.14213 
1291.99 3.21169 
1291.99 3.28125 
1291.99 3.35081 
1291.99 3.42038 
1291.99 3.48994 
1291.99 3.5595 
1291.99 3.62906 
1291.99 3.69863 
1291.99 3.76819 
1291.99 3.83775 
1291.99 3.90731 
1291.99 3.97688 
1291.99 4.04644 
1291.99 3.049 
1291.99 2.99906 
1291.99 2.94912 
1291.99 2.89919 
1291.99 2.84925 
1291.99 2.79931 
1291.99 2.74937 
1291.99 2.69944 
1291.99 2.6495 
1291.99 2.59956 
1291.99 2.54962 
1291.99 2.49969 
1291.99 2.44975 
1291.99 2.39981 
1291.99 2.34987 
1291.99 2.29994 
1291.99 0.769 
1291.99 0.596688 
1291.99 0.424375 
1291.99 0.252063 
1291.99 0.07975 
1291.99 -0.0925625 
1291.99 -0.264875 
1291.99 -0.437187 
1291.99 -0.6095 
1291.99 -0.781812 
1291.99 -0.954125 
1291.99 -1.12644 
1291.99 -1.29875 
1291.99 -1.47106 
1291.99 -1.64337 
1291.99 -1.81569 
1291.99 0.363 
1291.99 0.370812 
1291.99 0.378625 
1291.99 0.386437 
1291.99 0.39425 
1291.99 0.402062 
1291.99 0.409875 
1291.99 0.417687 
1291.99 0.4255 
1291.99 0.433312 
1291.99 0.441125 
1291.99 0.448937 
1291.99 0.45675 
1291.99 0.464562 
1291.99 0.472375 
1291.99 0.480187 
1291.99 2.631 
1291.99 2.70194 
1291.99 2.77287 
1291.99 2.84381 
1291.99 2.91475 
1291.99 2.98569 
1291.99 3.05662 
1291.99 3.12756 
1291.99 3.1985 
1291.99 3.26944 
1291.99 3.34037 
1291.99 3.41131 
1291.99 3.48225 
1291.99 3.55319 
1291.99 3.62412 
1291.99 3.69506 

