1291.99 1.646 
1291.99 1.59813 
1291.99 1.55025 
1291.99 1.50238 
1291.99 1.4545 
1291.99 1.40663 
1291.99 1.35875 
1291.99 1.31088 
1291.99 1.263 
1291.99 1.21513 
1291.99 1.16725 
1291.99 1.11938 
1291.99 1.0715 
1291.99 1.02363 
1291.99 0.97575 
1291.99 0.927875 
1291.99 0.88 
1291.99 1.016 
1291.99 1.152 
1291.99 1.288 
1291.99 1.424 
1291.99 1.56 
1291.99 1.696 
1291.99 1.832 
1291.99 1.968 
1291.99 2.104 
1291.99 2.24 
1291.99 2.376 
1291.99 2.512 
1291.99 2.648 
1291.99 2.784 
1291.99 2.92 
1291.99 3.056 
1291.99 3.05394 
1291.99 3.05187 
1291.99 3.04981 
1291.99 3.04775 
1291.99 3.04569 
1291.99 3.04363 
1291.99 3.04156 
1291.99 3.0395 
1291.99 3.03744 
1291.99 3.03538 
1291.99 3.03331 
1291.99 3.03125 
1291.99 3.02919 
1291.99 3.02713 
1291.99 3.02506 
1291.99 3.023 
1291.99 3.091 
1291.99 3.159 
1291.99 3.227 
1291.99 3.295 
1291.99 3.363 
1291.99 3.431 
1291.99 3.499 
1291.99 3.567 
1291.99 3.635 
1291.99 3.703 
1291.99 3.771 
1291.99 3.839 
1291.99 3.907 
1291.99 3.975 
1291.99 4.043 
1291.99 4.111 
1291.99 4.26562 
1291.99 4.42025 
1291.99 4.57487 
1291.99 4.7295 
1291.99 4.88413 
1291.99 5.03875 
1291.99 5.19337 
1291.99 5.348 
1291.99 5.50263 
1291.99 5.65725 
1291.99 5.81187 
1291.99 5.9665 
1291.99 6.12113 
1291.99 6.27575 
1291.99 6.43037 
1291.99 6.585 
1291.99 6.21994 
1291.99 5.85487 
1291.99 5.48981 
1291.99 5.12475 
1291.99 4.75969 
1291.99 4.39462 
1291.99 4.02956 
1291.99 3.6645 
1291.99 3.29944 
1291.99 2.93437 
1291.99 2.56931 
1291.99 2.20425 
1291.99 1.83919 
1291.99 1.47412 
1291.99 1.10906 
1291.99 0.744 
1291.99 0.735875 
1291.99 0.72775 
1291.99 0.719625 
1291.99 0.7115 
1291.99 0.703375 
1291.99 0.69525 
1291.99 0.687125 
1291.99 0.679 
1291.99 0.670875 
1291.99 0.66275 
1291.99 0.654625 
1291.99 0.6465 
1291.99 0.638375 
1291.99 0.63025 
1291.99 0.622125 
1291.99 0.614 
1291.99 0.749688 
1291.99 0.885375 
1291.99 1.02106 
1291.99 1.15675 
1291.99 1.29244 
1291.99 1.42813 
1291.99 1.56381 
1291.99 1.6995 
1291.99 1.83519 
1291.99 1.97087 
1291.99 2.10656 
1291.99 2.24225 
1291.99 2.37794 
1291.99 2.51363 
1291.99 2.64931 

