1291.99 1.761 
1291.99 1.6925 
1291.99 1.624 
1291.99 1.5555 
1291.99 1.487 
1291.99 1.4185 
1291.99 1.35 
1291.99 1.2815 
1291.99 1.213 
1291.99 1.1445 
1291.99 1.076 
1291.99 1.0075 
1291.99 0.939 
1291.99 0.8705 
1291.99 0.802 
1291.99 0.7335 
1291.99 0.665 
1291.99 0.784875 
1291.99 0.90475 
1291.99 1.02463 
1291.99 1.1445 
1291.99 1.26438 
1291.99 1.38425 
1291.99 1.50413 
1291.99 1.624 
1291.99 1.74388 
1291.99 1.86375 
1291.99 1.98363 
1291.99 2.1035 
1291.99 2.22337 
1291.99 2.34325 
1291.99 2.46313 
1291.99 2.583 
1291.99 2.65544 
1291.99 2.72788 
1291.99 2.80031 
1291.99 2.87275 
1291.99 2.94519 
1291.99 3.01763 
1291.99 3.09006 
1291.99 3.1625 
1291.99 3.23494 
1291.99 3.30737 
1291.99 3.37981 
1291.99 3.45225 
1291.99 3.52469 
1291.99 3.59713 
1291.99 3.66956 
1291.99 3.742 
1291.99 3.78106 
1291.99 3.82012 
1291.99 3.85919 
1291.99 3.89825 
1291.99 3.93731 
1291.99 3.97637 
1291.99 4.01544 
1291.99 4.0545 
1291.99 4.09356 
1291.99 4.13262 
1291.99 4.17169 
1291.99 4.21075 
1291.99 4.24981 
1291.99 4.28887 
1291.99 4.32794 
1291.99 4.367 
1291.99 4.48856 
1291.99 4.61013 
1291.99 4.73169 
1291.99 4.85325 
1291.99 4.97481 
1291.99 5.09638 
1291.99 5.21794 
1291.99 5.3395 
1291.99 5.46106 
1291.99 5.58263 
1291.99 5.70419 
1291.99 5.82575 
1291.99 5.94731 
1291.99 6.06888 
1291.99 6.19044 
1291.99 6.312 
1291.99 5.951 
1291.99 5.59 
1291.99 5.229 
1291.99 4.868 
1291.99 4.507 
1291.99 4.146 
1291.99 3.785 
1291.99 3.424 
1291.99 3.063 
1291.99 2.702 
1291.99 2.341 
1291.99 1.98 
1291.99 1.619 
1291.99 1.258 
1291.99 0.897 
1291.99 0.536 
1291.99 0.562063 
1291.99 0.588125 
1291.99 0.614187 
1291.99 0.64025 
1291.99 0.666312 
1291.99 0.692375 
1291.99 0.718438 
1291.99 0.7445 
1291.99 0.770563 
1291.99 0.796625 
1291.99 0.822688 
1291.99 0.84875 
1291.99 0.874812 
1291.99 0.900875 
1291.99 0.926937 
1291.99 0.953 
1291.99 1.068 
1291.99 1.183 
1291.99 1.298 
1291.99 1.413 
1291.99 1.528 
1291.99 1.643 
1291.99 1.758 
1291.99 1.873 
1291.99 1.988 
1291.99 2.103 
1291.99 2.218 
1291.99 2.333 
1291.99 2.448 
1291.99 2.563 
1291.99 2.678 

