1291.99 1.508 
1291.99 1.45625 
1291.99 1.4045 
1291.99 1.35275 
1291.99 1.301 
1291.99 1.24925 
1291.99 1.1975 
1291.99 1.14575 
1291.99 1.094 
1291.99 1.04225 
1291.99 0.9905 
1291.99 0.93875 
1291.99 0.887 
1291.99 0.83525 
1291.99 0.7835 
1291.99 0.73175 
1291.99 0.68 
1291.99 0.817562 
1291.99 0.955125 
1291.99 1.09269 
1291.99 1.23025 
1291.99 1.36781 
1291.99 1.50537 
1291.99 1.64294 
1291.99 1.7805 
1291.99 1.91806 
1291.99 2.05563 
1291.99 2.19319 
1291.99 2.33075 
1291.99 2.46831 
1291.99 2.60587 
1291.99 2.74344 
1291.99 2.881 
1291.99 2.9155 
1291.99 2.95 
1291.99 2.9845 
1291.99 3.019 
1291.99 3.0535 
1291.99 3.088 
1291.99 3.1225 
1291.99 3.157 
1291.99 3.1915 
1291.99 3.226 
1291.99 3.2605 
1291.99 3.295 
1291.99 3.3295 
1291.99 3.364 
1291.99 3.3985 
1291.99 3.433 
1291.99 3.50325 
1291.99 3.5735 
1291.99 3.64375 
1291.99 3.714 
1291.99 3.78425 
1291.99 3.8545 
1291.99 3.92475 
1291.99 3.995 
1291.99 4.06525 
1291.99 4.1355 
1291.99 4.20575 
1291.99 4.276 
1291.99 4.34625 
1291.99 4.4165 
1291.99 4.48675 
1291.99 4.557 
1291.99 4.69894 
1291.99 4.84088 
1291.99 4.98281 
1291.99 5.12475 
1291.99 5.26669 
1291.99 5.40863 
1291.99 5.55056 
1291.99 5.6925 
1291.99 5.83444 
1291.99 5.97638 
1291.99 6.11831 
1291.99 6.26025 
1291.99 6.40219 
1291.99 6.54413 
1291.99 6.68606 
1291.99 6.828 
1291.99 6.50975 
1291.99 6.1915 
1291.99 5.87325 
1291.99 5.555 
1291.99 5.23675 
1291.99 4.9185 
1291.99 4.60025 
1291.99 4.282 
1291.99 3.96375 
1291.99 3.6455 
1291.99 3.32725 
1291.99 3.009 
1291.99 2.69075 
1291.99 2.3725 
1291.99 2.05425 
1291.99 1.736 
1291.99 1.68912 
1291.99 1.64225 
1291.99 1.59537 
1291.99 1.5485 
1291.99 1.50162 
1291.99 1.45475 
1291.99 1.40787 
1291.99 1.361 
1291.99 1.31412 
1291.99 1.26725 
1291.99 1.22037 
1291.99 1.1735 
1291.99 1.12662 
1291.99 1.07975 
1291.99 1.03287 
1291.99 0.986 
1291.99 1.13625 
1291.99 1.2865 
1291.99 1.43675 
1291.99 1.587 
1291.99 1.73725 
1291.99 1.8875 
1291.99 2.03775 
1291.99 2.188 
1291.99 2.33825 
1291.99 2.4885 
1291.99 2.63875 
1291.99 2.789 
1291.99 2.93925 
1291.99 3.0895 
1291.99 3.23975 

