1291.99 1.864 
1291.99 1.802 
1291.99 1.74 
1291.99 1.678 
1291.99 1.616 
1291.99 1.554 
1291.99 1.492 
1291.99 1.43 
1291.99 1.368 
1291.99 1.306 
1291.99 1.244 
1291.99 1.182 
1291.99 1.12 
1291.99 1.058 
1291.99 0.996 
1291.99 0.934 
1291.99 1.262 
1291.99 1.37994 
1291.99 1.49788 
1291.99 1.61581 
1291.99 1.73375 
1291.99 1.85169 
1291.99 1.96963 
1291.99 2.08756 
1291.99 2.2055 
1291.99 2.32344 
1291.99 2.44137 
1291.99 2.55931 
1291.99 2.67725 
1291.99 2.79519 
1291.99 2.91312 
1291.99 3.03106 
1291.99 0.851 
1291.99 0.906813 
1291.99 0.962625 
1291.99 1.01844 
1291.99 1.07425 
1291.99 1.13006 
1291.99 1.18587 
1291.99 1.24169 
1291.99 1.2975 
1291.99 1.35331 
1291.99 1.40912 
1291.99 1.46494 
1291.99 1.52075 
1291.99 1.57656 
1291.99 1.63237 
1291.99 1.68819 
1291.99 3.8 
1291.99 3.87112 
1291.99 3.94225 
1291.99 4.01337 
1291.99 4.0845 
1291.99 4.15562 
1291.99 4.22675 
1291.99 4.29787 
1291.99 4.369 
1291.99 4.44013 
1291.99 4.51125 
1291.99 4.58237 
1291.99 4.6535 
1291.99 4.72462 
1291.99 4.79575 
1291.99 4.86688 
1291.99 2.841 
1291.99 2.99481 
1291.99 3.14863 
1291.99 3.30244 
1291.99 3.45625 
1291.99 3.61006 
1291.99 3.76388 
1291.99 3.91769 
1291.99 4.0715 
1291.99 4.22531 
1291.99 4.37913 
1291.99 4.53294 
1291.99 4.68675 
1291.99 4.84056 
1291.99 4.99438 
1291.99 5.14819 
1291.99 0.863 
1291.99 0.56025 
1291.99 0.2575 
1291.99 -0.04525 
1291.99 -0.348 
1291.99 -0.65075 
1291.99 -0.9535 
1291.99 -1.25625 
1291.99 -1.559 
1291.99 -1.86175 
1291.99 -2.1645 
1291.99 -2.46725 
1291.99 -2.77 
1291.99 -3.07275 
1291.99 -3.3755 
1291.99 -3.67825 
1291.99 0.213 
1291.99 0.136063 
1291.99 0.059125 
1291.99 -0.0178125 
1291.99 -0.09475 
1291.99 -0.171687 
1291.99 -0.248625 
1291.99 -0.325562 
1291.99 -0.4025 
1291.99 -0.479437 
1291.99 -0.556375 
1291.99 -0.633312 
1291.99 -0.71025 
1291.99 -0.787188 
1291.99 -0.864125 
1291.99 -0.941062 
1291.99 2.604 
1291.99 2.73844 
1291.99 2.87288 
1291.99 3.00731 
1291.99 3.14175 
1291.99 3.27619 
1291.99 3.41063 
1291.99 3.54506 
1291.99 3.6795 
1291.99 3.81394 
1291.99 3.94837 
1291.99 4.08281 
1291.99 4.21725 
1291.99 4.35169 
1291.99 4.48612 
1291.99 4.62056 

