1291.99 1.803 
1291.99 1.72756 
1291.99 1.65212 
1291.99 1.57669 
1291.99 1.50125 
1291.99 1.42581 
1291.99 1.35038 
1291.99 1.27494 
1291.99 1.1995 
1291.99 1.12406 
1291.99 1.04862 
1291.99 0.973188 
1291.99 0.89775 
1291.99 0.822313 
1291.99 0.746875 
1291.99 0.671438 
1291.99 0.596 
1291.99 0.726125 
1291.99 0.85625 
1291.99 0.986375 
1291.99 1.1165 
1291.99 1.24662 
1291.99 1.37675 
1291.99 1.50687 
1291.99 1.637 
1291.99 1.76713 
1291.99 1.89725 
1291.99 2.02737 
1291.99 2.1575 
1291.99 2.28762 
1291.99 2.41775 
1291.99 2.54787 
1291.99 2.678 
1291.99 2.71687 
1291.99 2.75575 
1291.99 2.79462 
1291.99 2.8335 
1291.99 2.87237 
1291.99 2.91125 
1291.99 2.95012 
1291.99 2.989 
1291.99 3.02787 
1291.99 3.06675 
1291.99 3.10562 
1291.99 3.1445 
1291.99 3.18337 
1291.99 3.22225 
1291.99 3.26112 
1291.99 3.3 
1291.99 3.376 
1291.99 3.452 
1291.99 3.528 
1291.99 3.604 
1291.99 3.68 
1291.99 3.756 
1291.99 3.832 
1291.99 3.908 
1291.99 3.984 
1291.99 4.06 
1291.99 4.136 
1291.99 4.212 
1291.99 4.288 
1291.99 4.364 
1291.99 4.44 
1291.99 4.516 
1291.99 4.63931 
1291.99 4.76262 
1291.99 4.88594 
1291.99 5.00925 
1291.99 5.13256 
1291.99 5.25587 
1291.99 5.37919 
1291.99 5.5025 
1291.99 5.62581 
1291.99 5.74912 
1291.99 5.87244 
1291.99 5.99575 
1291.99 6.11906 
1291.99 6.24238 
1291.99 6.36569 
1291.99 6.489 
1291.99 6.1195 
1291.99 5.75 
1291.99 5.3805 
1291.99 5.011 
1291.99 4.6415 
1291.99 4.272 
1291.99 3.9025 
1291.99 3.533 
1291.99 3.1635 
1291.99 2.794 
1291.99 2.4245 
1291.99 2.055 
1291.99 1.6855 
1291.99 1.316 
1291.99 0.9465 
1291.99 0.577 
1291.99 0.58925 
1291.99 0.6015 
1291.99 0.61375 
1291.99 0.626 
1291.99 0.63825 
1291.99 0.6505 
1291.99 0.66275 
1291.99 0.675 
1291.99 0.68725 
1291.99 0.6995 
1291.99 0.71175 
1291.99 0.724 
1291.99 0.73625 
1291.99 0.7485 
1291.99 0.76075 
1291.99 0.773 
1291.99 0.900062 
1291.99 1.02713 
1291.99 1.15419 
1291.99 1.28125 
1291.99 1.40831 
1291.99 1.53538 
1291.99 1.66244 
1291.99 1.7895 
1291.99 1.91656 
1291.99 2.04363 
1291.99 2.17069 
1291.99 2.29775 
1291.99 2.42481 
1291.99 2.55187 
1291.99 2.67894 

