1291.99 1.618 
1291.99 1.55619 
1291.99 1.49438 
1291.99 1.43256 
1291.99 1.37075 
1291.99 1.30894 
1291.99 1.24713 
1291.99 1.18531 
1291.99 1.1235 
1291.99 1.06169 
1291.99 0.999875 
1291.99 0.938063 
1291.99 0.87625 
1291.99 0.814438 
1291.99 0.752625 
1291.99 0.690813 
1291.99 0.629 
1291.99 0.765125 
1291.99 0.90125 
1291.99 1.03737 
1291.99 1.1735 
1291.99 1.30963 
1291.99 1.44575 
1291.99 1.58187 
1291.99 1.718 
1291.99 1.85413 
1291.99 1.99025 
1291.99 2.12637 
1291.99 2.2625 
1291.99 2.39863 
1291.99 2.53475 
1291.99 2.67088 
1291.99 2.807 
1291.99 2.82406 
1291.99 2.84112 
1291.99 2.85819 
1291.99 2.87525 
1291.99 2.89231 
1291.99 2.90937 
1291.99 2.92644 
1291.99 2.9435 
1291.99 2.96056 
1291.99 2.97763 
1291.99 2.99469 
1291.99 3.01175 
1291.99 3.02881 
1291.99 3.04588 
1291.99 3.06294 
1291.99 3.08 
1291.99 3.1515 
1291.99 3.223 
1291.99 3.2945 
1291.99 3.366 
1291.99 3.4375 
1291.99 3.509 
1291.99 3.5805 
1291.99 3.652 
1291.99 3.7235 
1291.99 3.795 
1291.99 3.8665 
1291.99 3.938 
1291.99 4.0095 
1291.99 4.081 
1291.99 4.1525 
1291.99 4.224 
1291.99 4.43356 
1291.99 4.64313 
1291.99 4.85269 
1291.99 5.06225 
1291.99 5.27181 
1291.99 5.48137 
1291.99 5.69094 
1291.99 5.9005 
1291.99 6.11006 
1291.99 6.31963 
1291.99 6.52919 
1291.99 6.73875 
1291.99 6.94831 
1291.99 7.15787 
1291.99 7.36744 
1291.99 7.577 
1291.99 7.14756 
1291.99 6.34237 
1291.99 6.99659 
1291.99 6.94626 
1291.99 6.89594 
1291.99 6.84561 
1291.99 6.79529 
1291.99 6.74496 
1291.99 6.69464 
1291.99 6.64432 
1291.99 6.59399 
1291.99 6.54367 
1291.99 6.49334 
1291.99 6.44302 
1291.99 6.39269 
1291.99 6.34237 
1291.99 6.38326 
1291.99 6.42414 
1291.99 6.46503 
1291.99 6.50592 
1291.99 6.54681 
1291.99 6.5877 
1291.99 6.62859 
1291.99 6.66948 
1291.99 6.71037 
1291.99 6.75126 
1291.99 6.79214 
1291.99 6.83303 
1291.99 6.87392 
1291.99 6.91481 
1291.99 6.9557 
1291.99 6.99659 
1291.99 6.99344 
1291.99 6.9903 
1291.99 6.98715 
1291.99 6.98401 
1291.99 6.98086 
1291.99 6.97772 
1291.99 6.97457 
1291.99 6.97143 
1291.99 6.96828 
1291.99 6.96514 
1291.99 6.96199 
1291.99 6.95884 
1291.99 6.9557 
1291.99 6.95255 
1291.99 6.94941 

