1291.99 1.286 
1291.99 1.23206 
1291.99 1.17813 
1291.99 1.12419 
1291.99 1.07025 
1291.99 1.01631 
1291.99 0.962375 
1291.99 0.908438 
1291.99 0.8545 
1291.99 0.800563 
1291.99 0.746625 
1291.99 0.692688 
1291.99 0.63875 
1291.99 0.584813 
1291.99 0.530875 
1291.99 0.476938 
1291.99 0.887 
1291.99 1.01569 
1291.99 1.14438 
1291.99 1.27306 
1291.99 1.40175 
1291.99 1.53044 
1291.99 1.65912 
1291.99 1.78781 
1291.99 1.9165 
1291.99 2.04519 
1291.99 2.17388 
1291.99 2.30256 
1291.99 2.43125 
1291.99 2.55994 
1291.99 2.68863 
1291.99 2.81731 
1291.99 0.834 
1291.99 0.900687 
1291.99 0.967375 
1291.99 1.03406 
1291.99 1.10075 
1291.99 1.16744 
1291.99 1.23412 
1291.99 1.30081 
1291.99 1.3675 
1291.99 1.43419 
1291.99 1.50087 
1291.99 1.56756 
1291.99 1.63425 
1291.99 1.70094 
1291.99 1.76762 
1291.99 1.83431 
1291.99 4.012 
1291.99 4.12212 
1291.99 4.23225 
1291.99 4.34237 
1291.99 4.4525 
1291.99 4.56262 
1291.99 4.67275 
1291.99 4.78287 
1291.99 4.893 
1291.99 5.00312 
1291.99 5.11325 
1291.99 5.22337 
1291.99 5.3335 
1291.99 5.44362 
1291.99 5.55375 
1291.99 5.66387 
1291.99 3.194 
1291.99 3.3165 
1291.99 3.439 
1291.99 3.5615 
1291.99 3.684 
1291.99 3.8065 
1291.99 3.929 
1291.99 4.0515 
1291.99 4.174 
1291.99 4.2965 
1291.99 4.419 
1291.99 4.5415 
1291.99 4.664 
1291.99 4.7865 
1291.99 4.909 
1291.99 5.0315 
1291.99 0.867 
1291.99 0.461875 
1291.99 0.05675 
1291.99 -0.348375 
1291.99 -0.7535 
1291.99 -1.15863 
1291.99 -1.56375 
1291.99 -1.96888 
1291.99 -2.374 
1291.99 -2.77913 
1291.99 -3.18425 
1291.99 -3.58938 
1291.99 -3.9945 
1291.99 -4.39963 
1291.99 -4.80475 
1291.99 -5.20988 
1291.99 0.664 
1291.99 0.7915 
1291.99 0.919 
1291.99 1.0465 
1291.99 1.174 
1291.99 1.3015 
1291.99 1.429 
1291.99 1.5565 
1291.99 1.684 
1291.99 1.8115 
1291.99 1.939 
1291.99 2.0665 
1291.99 2.194 
1291.99 2.3215 
1291.99 2.449 
1291.99 2.5765 
1291.99 1.097 
1291.99 1.15219 
1291.99 1.20737 
1291.99 1.26256 
1291.99 1.31775 
1291.99 1.37294 
1291.99 1.42813 
1291.99 1.48331 
1291.99 1.5385 
1291.99 1.59369 
1291.99 1.64887 
1291.99 1.70406 
1291.99 1.75925 
1291.99 1.81444 
1291.99 1.86963 
1291.99 1.92481 

