473.73 4.529 
473.73 4.486 
473.73 4.443 
473.73 4.4 
473.73 4.357 
473.73 4.314 
473.73 4.271 
473.73 4.228 
473.73 4.185 
473.73 4.142 
473.73 4.099 
473.73 4.056 
473.73 5.30527 
473.73 6.55455 
473.73 7.80382 
473.73 9.05309 
473.73 10.3024 
473.73 11.5516 
473.73 12.8009 
473.73 14.0502 
473.73 15.2995 
473.73 16.5487 
473.73 17.798 
473.73 17.0749 
473.73 16.3518 
473.73 15.6287 
473.73 14.9056 
473.73 14.1825 
473.73 13.4595 
473.73 12.7364 
473.73 12.0133 
473.73 11.2902 
473.73 10.5671 
473.73 9.844 
473.73 10.3915 
473.73 10.9391 
473.73 11.4866 
473.73 12.0342 
473.73 12.5817 
473.73 13.1293 
473.73 13.6768 
473.73 14.2244 
473.73 14.7719 
473.73 15.3195 
473.73 15.867 
473.73 14.6489 
473.73 13.4308 
473.73 12.2127 
473.73 10.9946 
473.73 9.77655 
473.73 8.55845 
473.73 7.34036 
473.73 6.12227 
473.73 4.90418 
473.73 3.68609 
473.73 2.468 
473.73 4.19373 
473.73 5.91945 
473.73 7.64518 
473.73 9.37091 
473.73 11.0966 
473.73 12.8224 
473.73 14.5481 
473.73 16.2738 
473.73 17.9995 
473.73 19.7253 
473.73 21.451 
473.73 19.7328 
473.73 18.0146 
473.73 16.2965 
473.73 14.5783 
473.73 12.8601 
473.73 11.1419 
473.73 9.42373 
473.73 7.70555 
473.73 5.98736 
473.73 4.26918 
473.73 2.551 
473.73 2.39927 
473.73 2.24755 
473.73 2.09582 
473.73 1.94409 
473.73 1.79236 
473.73 1.64064 
473.73 1.48891 
473.73 1.33718 
473.73 1.18545 
473.73 1.03373 

