473.73 2.404 
473.73 2.63145 
473.73 2.85891 
473.73 3.08636 
473.73 3.31382 
473.73 3.54127 
473.73 3.76873 
473.73 3.99618 
473.73 4.22364 
473.73 4.45109 
473.73 4.67855 
473.73 4.906 
473.73 5.99845 
473.73 7.09091 
473.73 8.18336 
473.73 9.27582 
473.73 10.3683 
473.73 11.4607 
473.73 12.5532 
473.73 13.6456 
473.73 14.7381 
473.73 15.8305 
473.73 16.923 
473.73 16.4252 
473.73 15.9274 
473.73 15.4295 
473.73 14.9317 
473.73 14.4339 
473.73 13.9361 
473.73 13.4383 
473.73 12.9405 
473.73 12.4426 
473.73 11.9448 
473.73 11.447 
473.73 11.9615 
473.73 12.4761 
473.73 12.9906 
473.73 13.5052 
473.73 14.0197 
473.73 14.5343 
473.73 15.0488 
473.73 15.5634 
473.73 16.0779 
473.73 16.5925 
473.73 17.107 
473.73 15.7599 
473.73 14.4128 
473.73 13.0657 
473.73 11.7186 
473.73 10.3715 
473.73 9.02445 
473.73 7.67736 
473.73 6.33027 
473.73 4.98318 
473.73 3.63609 
473.73 2.289 
473.73 4.27318 
473.73 6.25736 
473.73 8.24155 
473.73 10.2257 
473.73 12.2099 
473.73 14.1941 
473.73 16.1783 
473.73 18.1625 
473.73 20.1466 
473.73 22.1308 
473.73 24.115 
473.73 22.119 
473.73 20.123 
473.73 18.127 
473.73 16.131 
473.73 14.135 
473.73 12.139 
473.73 10.143 
473.73 8.147 
473.73 6.151 
473.73 4.155 
473.73 2.159 
473.73 2.04809 
473.73 1.93718 
473.73 1.82627 
473.73 1.71536 
473.73 1.60445 
473.73 1.49355 
473.73 1.38264 
473.73 1.27173 
473.73 1.16082 
473.73 1.04991 

