473.73 5.667 
473.73 5.72427 
473.73 5.78155 
473.73 5.83882 
473.73 5.89609 
473.73 5.95336 
473.73 6.01064 
473.73 6.06791 
473.73 6.12518 
473.73 6.18245 
473.73 6.23973 
473.73 6.297 
473.73 7.07682 
473.73 7.85664 
473.73 8.63645 
473.73 9.41627 
473.73 10.1961 
473.73 10.9759 
473.73 11.7557 
473.73 12.5355 
473.73 13.3154 
473.73 14.0952 
473.73 14.875 
473.73 14.6404 
473.73 14.4057 
473.73 14.1711 
473.73 13.9365 
473.73 13.7018 
473.73 13.4672 
473.73 13.2325 
473.73 12.9979 
473.73 12.7633 
473.73 12.5286 
473.73 12.294 
473.73 12.5965 
473.73 12.8991 
473.73 13.2016 
473.73 13.5042 
473.73 13.8067 
473.73 14.1093 
473.73 14.4118 
473.73 14.7144 
473.73 15.0169 
473.73 15.3195 
473.73 15.622 
473.73 14.3655 
473.73 13.1089 
473.73 11.8524 
473.73 10.5958 
473.73 9.33927 
473.73 8.08273 
473.73 6.82618 
473.73 5.56964 
473.73 4.31309 
473.73 3.05655 
473.73 1.8 
473.73 3.34718 
473.73 4.89436 
473.73 6.44155 
473.73 7.98873 
473.73 9.53591 
473.73 11.0831 
473.73 12.6303 
473.73 14.1775 
473.73 15.7246 
473.73 17.2718 
473.73 18.819 
473.73 17.3967 
473.73 15.9745 
473.73 14.5522 
473.73 13.1299 
473.73 11.7076 
473.73 10.2854 
473.73 8.86309 
473.73 7.44082 
473.73 6.01855 
473.73 4.59627 
473.73 3.174 
473.73 2.96691 
473.73 2.75982 
473.73 2.55273 
473.73 2.34564 
473.73 2.13855 
473.73 1.93145 
473.73 1.72436 
473.73 1.51727 
473.73 1.31018 
473.73 1.10309 

