473.73 3.257 
473.73 3.25364 
473.73 3.25027 
473.73 3.24691 
473.73 3.24355 
473.73 3.24018 
473.73 3.23682 
473.73 3.23345 
473.73 3.23009 
473.73 3.22673 
473.73 3.22336 
473.73 3.22 
473.73 4.48627 
473.73 5.75255 
473.73 7.01882 
473.73 8.28509 
473.73 9.55136 
473.73 10.8176 
473.73 12.0839 
473.73 13.3502 
473.73 14.6165 
473.73 15.8827 
473.73 17.149 
473.73 16.4917 
473.73 15.8345 
473.73 15.1772 
473.73 14.5199 
473.73 13.8626 
473.73 13.2054 
473.73 12.5481 
473.73 11.8908 
473.73 11.2335 
473.73 10.5763 
473.73 9.919 
473.73 10.614 
473.73 11.309 
473.73 12.004 
473.73 12.699 
473.73 13.394 
473.73 14.089 
473.73 14.784 
473.73 15.479 
473.73 16.174 
473.73 16.869 
473.73 17.564 
473.73 16.2279 
473.73 14.8918 
473.73 13.5557 
473.73 12.2196 
473.73 10.8835 
473.73 9.54745 
473.73 8.21136 
473.73 6.87527 
473.73 5.53918 
473.73 4.20309 
473.73 2.867 
473.73 4.94955 
473.73 7.03209 
473.73 9.11464 
473.73 11.1972 
473.73 13.2797 
473.73 15.3623 
473.73 17.4448 
473.73 19.5274 
473.73 21.6099 
473.73 23.6925 
473.73 25.775 
473.73 23.6365 
473.73 21.4979 
473.73 19.3594 
473.73 17.2208 
473.73 15.0823 
473.73 12.9437 
473.73 10.8052 
473.73 8.66664 
473.73 6.52809 
473.73 4.38955 
473.73 2.251 
473.73 2.12627 
473.73 2.00155 
473.73 1.87682 
473.73 1.75209 
473.73 1.62736 
473.73 1.50264 
473.73 1.37791 
473.73 1.25318 
473.73 1.12845 
473.73 1.00373 

