473.73 3.038 
473.73 3.115 
473.73 3.192 
473.73 3.269 
473.73 3.346 
473.73 3.423 
473.73 3.5 
473.73 3.577 
473.73 3.654 
473.73 3.731 
473.73 3.808 
473.73 3.885 
473.73 4.98673 
473.73 6.08845 
473.73 7.19018 
473.73 8.29191 
473.73 9.39364 
473.73 10.4954 
473.73 11.5971 
473.73 12.6988 
473.73 13.8005 
473.73 14.9023 
473.73 16.004 
473.73 15.4573 
473.73 14.9105 
473.73 14.3638 
473.73 13.8171 
473.73 13.2704 
473.73 12.7236 
473.73 12.1769 
473.73 11.6302 
473.73 11.0835 
473.73 10.5367 
473.73 9.99 
473.73 10.62 
473.73 11.25 
473.73 11.88 
473.73 12.51 
473.73 13.14 
473.73 13.77 
473.73 14.4 
473.73 15.03 
473.73 15.66 
473.73 16.29 
473.73 16.92 
473.73 15.5486 
473.73 14.1773 
473.73 12.8059 
473.73 11.4345 
473.73 10.0632 
473.73 8.69182 
473.73 7.32045 
473.73 5.94909 
473.73 4.57773 
473.73 3.20636 
473.73 1.835 
473.73 3.63518 
473.73 5.43536 
473.73 7.23555 
473.73 9.03573 
473.73 10.8359 
473.73 12.6361 
473.73 14.4363 
473.73 16.2365 
473.73 18.0366 
473.73 19.8368 
473.73 21.637 
473.73 19.9093 
473.73 18.1815 
473.73 16.4538 
473.73 14.7261 
473.73 12.9984 
473.73 11.2706 
473.73 9.54291 
473.73 7.81518 
473.73 6.08745 
473.73 4.35973 
473.73 2.632 
473.73 2.47318 
473.73 2.31436 
473.73 2.15555 
473.73 1.99673 
473.73 1.83791 
473.73 1.67909 
473.73 1.52027 
473.73 1.36145 
473.73 1.20264 
473.73 1.04382 

