473.73 2.447 
473.73 2.71109 
473.73 2.97518 
473.73 3.23927 
473.73 3.50336 
473.73 3.76745 
473.73 4.03155 
473.73 4.29564 
473.73 4.55973 
473.73 4.82382 
473.73 5.08791 
473.73 5.352 
473.73 6.37827 
473.73 7.40455 
473.73 8.43082 
473.73 9.45709 
473.73 10.4834 
473.73 11.5096 
473.73 12.5359 
473.73 13.5622 
473.73 14.5885 
473.73 15.6147 
473.73 16.641 
473.73 16.0655 
473.73 15.4899 
473.73 14.9144 
473.73 14.3388 
473.73 13.7633 
473.73 13.1877 
473.73 12.6122 
473.73 12.0366 
473.73 11.4611 
473.73 10.8855 
473.73 10.31 
473.73 10.8406 
473.73 11.3713 
473.73 11.9019 
473.73 12.4325 
473.73 12.9632 
473.73 13.4938 
473.73 14.0245 
473.73 14.5551 
473.73 15.0857 
473.73 15.6164 
473.73 16.147 
473.73 14.8667 
473.73 13.5865 
473.73 12.3062 
473.73 11.0259 
473.73 9.74564 
473.73 8.46536 
473.73 7.18509 
473.73 5.90482 
473.73 4.62455 
473.73 3.34427 
473.73 2.064 
473.73 3.57482 
473.73 5.08564 
473.73 6.59645 
473.73 8.10727 
473.73 9.61809 
473.73 11.1289 
473.73 12.6397 
473.73 14.1505 
473.73 15.6614 
473.73 17.1722 
473.73 18.683 
473.73 17.2379 
473.73 15.7928 
473.73 14.3477 
473.73 12.9026 
473.73 11.4575 
473.73 10.0125 
473.73 8.56736 
473.73 7.12227 
473.73 5.67718 
473.73 4.23209 
473.73 2.787 
473.73 2.60527 
473.73 2.42355 
473.73 2.24182 
473.73 2.06009 
473.73 1.87836 
473.73 1.69664 
473.73 1.51491 
473.73 1.33318 
473.73 1.15145 
473.73 0.969727 

