473.73 5.299 
473.73 5.39527 
473.73 5.49155 
473.73 5.58782 
473.73 5.68409 
473.73 5.78036 
473.73 5.87664 
473.73 5.97291 
473.73 6.06918 
473.73 6.16545 
473.73 6.26173 
473.73 6.358 
473.73 7.14982 
473.73 7.94164 
473.73 8.73345 
473.73 9.52527 
473.73 10.3171 
473.73 11.1089 
473.73 11.9007 
473.73 12.6925 
473.73 13.4844 
473.73 14.2762 
473.73 15.068 
473.73 14.6098 
473.73 14.1516 
473.73 13.6935 
473.73 13.2353 
473.73 12.7771 
473.73 12.3189 
473.73 11.8607 
473.73 11.4025 
473.73 10.9444 
473.73 10.4862 
473.73 10.028 
473.73 10.5356 
473.73 11.0433 
473.73 11.5509 
473.73 12.0585 
473.73 12.5662 
473.73 13.0738 
473.73 13.5815 
473.73 14.0891 
473.73 14.5967 
473.73 15.1044 
473.73 15.612 
473.73 14.408 
473.73 13.204 
473.73 12 
473.73 10.796 
473.73 9.592 
473.73 8.388 
473.73 7.184 
473.73 5.98 
473.73 4.776 
473.73 3.572 
473.73 2.368 
473.73 3.99245 
473.73 5.61691 
473.73 7.24136 
473.73 8.86582 
473.73 10.4903 
473.73 12.1147 
473.73 13.7392 
473.73 15.3636 
473.73 16.9881 
473.73 18.6125 
473.73 20.237 
473.73 18.6653 
473.73 17.0935 
473.73 15.5218 
473.73 13.9501 
473.73 12.3784 
473.73 10.8066 
473.73 9.23491 
473.73 7.66318 
473.73 6.09145 
473.73 4.51973 
473.73 2.948 
473.73 2.74636 
473.73 2.54473 
473.73 2.34309 
473.73 2.14145 
473.73 1.93982 
473.73 1.73818 
473.73 1.53655 
473.73 1.33491 
473.73 1.13327 
473.73 0.931636 

