473.73 2.413 
473.73 2.464 
473.73 2.515 
473.73 2.566 
473.73 2.617 
473.73 2.668 
473.73 2.719 
473.73 2.77 
473.73 2.821 
473.73 2.872 
473.73 2.923 
473.73 2.974 
473.73 4.284 
473.73 5.594 
473.73 6.904 
473.73 8.214 
473.73 9.524 
473.73 10.834 
473.73 12.144 
473.73 13.454 
473.73 14.764 
473.73 16.074 
473.73 17.384 
473.73 16.7959 
473.73 16.2078 
473.73 15.6197 
473.73 15.0316 
473.73 14.4435 
473.73 13.8555 
473.73 13.2674 
473.73 12.6793 
473.73 12.0912 
473.73 11.5031 
473.73 10.915 
473.73 11.5335 
473.73 12.1521 
473.73 12.7706 
473.73 13.3892 
473.73 14.0077 
473.73 14.6263 
473.73 15.2448 
473.73 15.8634 
473.73 16.4819 
473.73 17.1005 
473.73 17.719 
473.73 16.2358 
473.73 14.7526 
473.73 13.2695 
473.73 11.7863 
473.73 10.3031 
473.73 8.81991 
473.73 7.33673 
473.73 5.85355 
473.73 4.37036 
473.73 2.88718 
473.73 1.404 
473.73 3.35945 
473.73 5.31491 
473.73 7.27036 
473.73 9.22582 
473.73 11.1813 
473.73 13.1367 
473.73 15.0922 
473.73 17.0476 
473.73 19.0031 
473.73 20.9585 
473.73 22.914 
473.73 21.0315 
473.73 19.1491 
473.73 17.2666 
473.73 15.3842 
473.73 13.5017 
473.73 11.6193 
473.73 9.73682 
473.73 7.85436 
473.73 5.97191 
473.73 4.08945 
473.73 2.207 
473.73 2.07827 
473.73 1.94955 
473.73 1.82082 
473.73 1.69209 
473.73 1.56336 
473.73 1.43464 
473.73 1.30591 
473.73 1.17718 
473.73 1.04845 
473.73 0.919727 

