473.73 1.754 
473.73 1.97827 
473.73 2.20255 
473.73 2.42682 
473.73 2.65109 
473.73 2.87536 
473.73 3.09964 
473.73 3.32391 
473.73 3.54818 
473.73 3.77245 
473.73 3.99673 
473.73 4.221 
473.73 5.03891 
473.73 5.85682 
473.73 6.67473 
473.73 7.49264 
473.73 8.31055 
473.73 9.12845 
473.73 9.94636 
473.73 10.7643 
473.73 11.5822 
473.73 12.4001 
473.73 13.218 
473.73 13.2125 
473.73 13.2071 
473.73 13.2016 
473.73 13.1962 
473.73 13.1907 
473.73 13.1853 
473.73 13.1798 
473.73 13.1744 
473.73 13.1689 
473.73 13.1635 
473.73 13.158 
473.73 13.4523 
473.73 13.7465 
473.73 14.0408 
473.73 14.3351 
473.73 14.6294 
473.73 14.9236 
473.73 15.2179 
473.73 15.5122 
473.73 15.8065 
473.73 16.1007 
473.73 16.395 
473.73 15.124 
473.73 13.853 
473.73 12.582 
473.73 11.311 
473.73 10.04 
473.73 8.769 
473.73 7.498 
473.73 6.227 
473.73 4.956 
473.73 3.685 
473.73 2.414 
473.73 3.96482 
473.73 5.51564 
473.73 7.06645 
473.73 8.61727 
473.73 10.1681 
473.73 11.7189 
473.73 13.2697 
473.73 14.8205 
473.73 16.3714 
473.73 17.9222 
473.73 19.473 
473.73 17.977 
473.73 16.481 
473.73 14.985 
473.73 13.489 
473.73 11.993 
473.73 10.497 
473.73 9.001 
473.73 7.505 
473.73 6.009 
473.73 4.513 
473.73 3.017 
473.73 2.81373 
473.73 2.61045 
473.73 2.40718 
473.73 2.20391 
473.73 2.00064 
473.73 1.79736 
473.73 1.59409 
473.73 1.39082 
473.73 1.18755 
473.73 0.984273 

