473.73 4.559 
473.73 4.71263 
473.73 4.86625 
473.73 5.01987 
473.73 5.1735 
473.73 5.32713 
473.73 5.48075 
473.73 5.63438 
473.73 5.788 
473.73 5.94163 
473.73 6.09525 
473.73 6.24887 
473.73 6.4025 
473.73 6.55612 
473.73 6.70975 
473.73 6.86338 
473.73 7.017 
473.73 7.19494 
473.73 7.37288 
473.73 7.55081 
473.73 7.72875 
473.73 7.90669 
473.73 8.08463 
473.73 8.26256 
473.73 8.4405 
473.73 8.61844 
473.73 8.79638 
473.73 8.97431 
473.73 9.15225 
473.73 9.33019 
473.73 9.50812 
473.73 9.68606 
473.73 9.864 
473.73 9.74631 
473.73 9.62863 
473.73 9.51094 
473.73 9.39325 
473.73 9.27556 
473.73 9.15788 
473.73 9.04019 
473.73 8.9225 
473.73 8.80481 
473.73 8.68712 
473.73 8.56944 
473.73 8.45175 
473.73 8.33406 
473.73 8.21637 
473.73 8.09869 
473.73 7.981 
473.73 7.93244 
473.73 7.88387 
473.73 7.83531 
473.73 7.78675 
473.73 7.73819 
473.73 7.68962 
473.73 7.64106 
473.73 7.5925 
473.73 7.54394 
473.73 7.49538 
473.73 7.44681 
473.73 7.39825 
473.73 7.34969 
473.73 7.30112 
473.73 7.25256 
473.73 7.204 
473.73 7.39725 
473.73 7.5905 
473.73 7.78375 
473.73 7.977 
473.73 8.17025 
473.73 8.3635 
473.73 8.55675 
473.73 8.75 
473.73 8.94325 
473.73 9.1365 
473.73 9.32975 
473.73 9.523 
473.73 9.71625 
473.73 9.9095 
473.73 10.1028 
473.73 10.296 
473.73 10.2248 
473.73 10.1536 
473.73 10.0824 
473.73 10.0113 
473.73 9.94006 
473.73 9.86887 
473.73 9.79769 
473.73 9.7265 
473.73 9.65531 
473.73 9.58413 
473.73 9.51294 
473.73 9.44175 
473.73 9.37056 
473.73 9.29937 
473.73 9.22819 
473.73 9.157 
473.73 9.4315 
473.73 9.706 
473.73 9.9805 
473.73 10.255 
473.73 10.5295 
473.73 10.804 
473.73 11.0785 
473.73 11.353 
473.73 11.6275 
473.73 11.902 
473.73 12.1765 
473.73 12.451 
473.73 12.7255 
473.73 13 
473.73 13.2745 
473.73 13.549 
473.73 13.3719 
473.73 13.1947 
473.73 13.0176 
473.73 12.8405 
473.73 12.6634 
473.73 12.4863 
473.73 12.3091 
473.73 12.132 
473.73 11.9549 
473.73 11.7777 
473.73 11.6006 
473.73 11.4235 
473.73 11.2464 
473.73 11.0693 
473.73 10.8921 

