473.73 3.257 
473.73 3.26038 
473.73 3.26375 
473.73 3.26713 
473.73 3.2705 
473.73 3.27388 
473.73 3.27725 
473.73 3.28063 
473.73 3.284 
473.73 3.28738 
473.73 3.29075 
473.73 3.29413 
473.73 3.2975 
473.73 3.30088 
473.73 3.30425 
473.73 3.30763 
473.73 3.22 
473.73 3.30069 
473.73 3.38138 
473.73 3.46206 
473.73 3.54275 
473.73 3.62344 
473.73 3.70413 
473.73 3.78481 
473.73 3.8655 
473.73 3.94619 
473.73 4.02688 
473.73 4.10756 
473.73 4.18825 
473.73 4.26894 
473.73 4.34963 
473.73 4.43031 
473.73 17.149 
473.73 17.4129 
473.73 17.6769 
473.73 17.9408 
473.73 18.2048 
473.73 18.4687 
473.73 18.7326 
473.73 18.9966 
473.73 19.2605 
473.73 19.5244 
473.73 19.7884 
473.73 20.0523 
473.73 20.3163 
473.73 20.5802 
473.73 20.8441 
473.73 21.1081 
473.73 9.919 
473.73 9.77381 
473.73 9.62862 
473.73 9.48344 
473.73 9.33825 
473.73 9.19306 
473.73 9.04788 
473.73 8.90269 
473.73 8.7575 
473.73 8.61231 
473.73 8.46712 
473.73 8.32194 
473.73 8.17675 
473.73 8.03156 
473.73 7.88638 
473.73 7.74119 
473.73 17.564 
473.73 18.0696 
473.73 18.5753 
473.73 19.0809 
473.73 19.5865 
473.73 20.0921 
473.73 20.5978 
473.73 21.1034 
473.73 21.609 
473.73 22.1146 
473.73 22.6202 
473.73 23.1259 
473.73 23.6315 
473.73 24.1371 
473.73 24.6427 
473.73 25.1484 
473.73 2.867 
473.73 2.62269 
473.73 2.37838 
473.73 2.13406 
473.73 1.88975 
473.73 1.64544 
473.73 1.40113 
473.73 1.15681 
473.73 0.9125 
473.73 0.668188 
473.73 0.423875 
473.73 0.179563 
473.73 -0.06475 
473.73 -0.309062 
473.73 -0.553375 
473.73 -0.797687 
473.73 25.775 
473.73 26.2428 
473.73 26.7106 
473.73 27.1784 
473.73 27.6462 
473.73 28.1141 
473.73 28.5819 
473.73 29.0497 
473.73 29.5175 
473.73 29.9853 
473.73 30.4531 
473.73 30.9209 
473.73 31.3887 
473.73 31.8566 
473.73 32.3244 
473.73 32.7922 
473.73 2.251 
473.73 2.10519 
473.73 1.95938 
473.73 1.81356 
473.73 1.66775 
473.73 1.52194 
473.73 1.37613 
473.73 1.23031 
473.73 1.0845 
473.73 0.938688 
473.73 0.792875 
473.73 0.647063 
473.73 0.50125 
473.73 0.355438 
473.73 0.209625 
473.73 0.0638125 

