473.73 2.404 
473.73 2.40831 
473.73 2.41262 
473.73 2.41694 
473.73 2.42125 
473.73 2.42556 
473.73 2.42988 
473.73 2.43419 
473.73 2.4385 
473.73 2.44281 
473.73 2.44712 
473.73 2.45144 
473.73 2.45575 
473.73 2.46006 
473.73 2.46437 
473.73 2.46869 
473.73 4.906 
473.73 4.98187 
473.73 5.05775 
473.73 5.13362 
473.73 5.2095 
473.73 5.28537 
473.73 5.36125 
473.73 5.43712 
473.73 5.513 
473.73 5.58887 
473.73 5.66475 
473.73 5.74062 
473.73 5.8165 
473.73 5.89237 
473.73 5.96825 
473.73 6.04412 
473.73 16.923 
473.73 17.1312 
473.73 17.3395 
473.73 17.5477 
473.73 17.756 
473.73 17.9642 
473.73 18.1725 
473.73 18.3807 
473.73 18.589 
473.73 18.7972 
473.73 19.0055 
473.73 19.2137 
473.73 19.422 
473.73 19.6303 
473.73 19.8385 
473.73 20.0467 
473.73 11.447 
473.73 11.3007 
473.73 11.1544 
473.73 11.0081 
473.73 10.8617 
473.73 10.7154 
473.73 10.5691 
473.73 10.4228 
473.73 10.2765 
473.73 10.1302 
473.73 9.98387 
473.73 9.83756 
473.73 9.69125 
473.73 9.54494 
473.73 9.39862 
473.73 9.25231 
473.73 17.107 
473.73 17.6175 
473.73 18.128 
473.73 18.6385 
473.73 19.149 
473.73 19.6595 
473.73 20.17 
473.73 20.6805 
473.73 21.191 
473.73 21.7015 
473.73 22.212 
473.73 22.7225 
473.73 23.233 
473.73 23.7435 
473.73 24.254 
473.73 24.7645 
473.73 2.289 
473.73 2.02163 
473.73 1.75425 
473.73 1.48687 
473.73 1.2195 
473.73 0.952125 
473.73 0.68475 
473.73 0.417375 
473.73 0.15 
473.73 -0.117375 
473.73 -0.38475 
473.73 -0.652125 
473.73 -0.9195 
473.73 -1.18688 
473.73 -1.45425 
473.73 -1.72162 
473.73 24.115 
473.73 24.6463 
473.73 25.1776 
473.73 25.7089 
473.73 26.2402 
473.73 26.7716 
473.73 27.3029 
473.73 27.8342 
473.73 28.3655 
473.73 28.8968 
473.73 29.4281 
473.73 29.9594 
473.73 30.4907 
473.73 31.0221 
473.73 31.5534 
473.73 32.0847 
473.73 2.159 
473.73 2.02862 
473.73 1.89825 
473.73 1.76788 
473.73 1.6375 
473.73 1.50713 
473.73 1.37675 
473.73 1.24638 
473.73 1.116 
473.73 0.985625 
473.73 0.85525 
473.73 0.724875 
473.73 0.5945 
473.73 0.464125 
473.73 0.33375 
473.73 0.203375 

