473.73 5.174 
473.73 5.32681 
473.73 5.47963 
473.73 5.63244 
473.73 5.78525 
473.73 5.93806 
473.73 6.09088 
473.73 6.24369 
473.73 6.3965 
473.73 6.54931 
473.73 6.70213 
473.73 6.85494 
473.73 7.00775 
473.73 7.16056 
473.73 7.31337 
473.73 7.46619 
473.73 7.619 
473.73 7.7475 
473.73 7.876 
473.73 8.0045 
473.73 8.133 
473.73 8.2615 
473.73 8.39 
473.73 8.5185 
473.73 8.647 
473.73 8.7755 
473.73 8.904 
473.73 9.0325 
473.73 9.161 
473.73 9.2895 
473.73 9.418 
473.73 9.5465 
473.73 9.675 
473.73 9.62619 
473.73 9.57737 
473.73 9.52856 
473.73 9.47975 
473.73 9.43094 
473.73 9.38213 
473.73 9.33331 
473.73 9.2845 
473.73 9.23569 
473.73 9.18688 
473.73 9.13806 
473.73 9.08925 
473.73 9.04044 
473.73 8.99163 
473.73 8.94281 
473.73 8.894 
473.73 8.83625 
473.73 8.7785 
473.73 8.72075 
473.73 8.663 
473.73 8.60525 
473.73 8.5475 
473.73 8.48975 
473.73 8.432 
473.73 8.37425 
473.73 8.3165 
473.73 8.25875 
473.73 8.201 
473.73 8.14325 
473.73 8.0855 
473.73 8.02775 
473.73 7.97 
473.73 8.20044 
473.73 8.43088 
473.73 8.66131 
473.73 8.89175 
473.73 9.12219 
473.73 9.35262 
473.73 9.58306 
473.73 9.8135 
473.73 10.0439 
473.73 10.2744 
473.73 10.5048 
473.73 10.7353 
473.73 10.9657 
473.73 11.1961 
473.73 11.4266 
473.73 11.657 
473.73 11.4415 
473.73 11.226 
473.73 11.0105 
473.73 10.795 
473.73 10.5795 
473.73 10.364 
473.73 10.1485 
473.73 9.933 
473.73 9.7175 
473.73 9.502 
473.73 9.2865 
473.73 9.071 
473.73 8.8555 
473.73 8.64 
473.73 8.4245 
473.73 8.209 
473.73 8.582 
473.73 8.955 
473.73 9.328 
473.73 9.701 
473.73 10.074 
473.73 10.447 
473.73 10.82 
473.73 11.193 
473.73 11.566 
473.73 11.939 
473.73 12.312 
473.73 12.685 
473.73 13.058 
473.73 13.431 
473.73 13.804 
473.73 14.177 
473.73 13.9897 
473.73 13.8024 
473.73 13.6151 
473.73 13.4277 
473.73 13.2404 
473.73 13.0531 
473.73 12.8658 
473.73 12.6785 
473.73 12.4912 
473.73 12.3039 
473.73 12.1166 
473.73 11.9292 
473.73 11.7419 
473.73 11.5546 
473.73 11.3673 

