473.73 5.768 
473.73 5.857 
473.73 5.946 
473.73 6.035 
473.73 6.124 
473.73 6.213 
473.73 6.302 
473.73 6.391 
473.73 6.48 
473.73 6.569 
473.73 6.658 
473.73 6.747 
473.73 6.836 
473.73 6.925 
473.73 7.014 
473.73 7.103 
473.73 7.192 
473.73 7.28563 
473.73 7.37925 
473.73 7.47288 
473.73 7.5665 
473.73 7.66012 
473.73 7.75375 
473.73 7.84737 
473.73 7.941 
473.73 8.03463 
473.73 8.12825 
473.73 8.22188 
473.73 8.3155 
473.73 8.40912 
473.73 8.50275 
473.73 8.59638 
473.73 8.69 
473.73 8.71919 
473.73 8.74837 
473.73 8.77756 
473.73 8.80675 
473.73 8.83594 
473.73 8.86512 
473.73 8.89431 
473.73 8.9235 
473.73 8.95269 
473.73 8.98188 
473.73 9.01106 
473.73 9.04025 
473.73 9.06944 
473.73 9.09863 
473.73 9.12781 
473.73 9.157 
473.73 8.99656 
473.73 8.83612 
473.73 8.67569 
473.73 8.51525 
473.73 8.35481 
473.73 8.19438 
473.73 8.03394 
473.73 7.8735 
473.73 7.71306 
473.73 7.55262 
473.73 7.39219 
473.73 7.23175 
473.73 7.07131 
473.73 6.91087 
473.73 6.75044 
473.73 6.59 
473.73 6.88869 
473.73 7.18737 
473.73 7.48606 
473.73 7.78475 
473.73 8.08344 
473.73 8.38213 
473.73 8.68081 
473.73 8.9795 
473.73 9.27819 
473.73 9.57687 
473.73 9.87556 
473.73 10.1743 
473.73 10.4729 
473.73 10.7716 
473.73 11.0703 
473.73 11.369 
473.73 11.1827 
473.73 10.9964 
473.73 10.8101 
473.73 10.6237 
473.73 10.4374 
473.73 10.2511 
473.73 10.0648 
473.73 9.8785 
473.73 9.69219 
473.73 9.50587 
473.73 9.31956 
473.73 9.13325 
473.73 8.94694 
473.73 8.76063 
473.73 8.57431 
473.73 8.388 
473.73 8.79094 
473.73 9.19388 
473.73 9.59681 
473.73 9.99975 
473.73 10.4027 
473.73 10.8056 
473.73 11.2086 
473.73 11.6115 
473.73 12.0144 
473.73 12.4174 
473.73 12.8203 
473.73 13.2233 
473.73 13.6262 
473.73 14.0291 
473.73 14.4321 
473.73 14.835 
473.73 14.6694 
473.73 14.5038 
473.73 14.3381 
473.73 14.1725 
473.73 14.0069 
473.73 13.8413 
473.73 13.6756 
473.73 13.51 
473.73 13.3444 
473.73 13.1788 
473.73 13.0131 
473.73 12.8475 
473.73 12.6819 
473.73 12.5162 
473.73 12.3506 

