473.73 5.178 
473.73 5.23594 
473.73 5.29387 
473.73 5.35181 
473.73 5.40975 
473.73 5.46769 
473.73 5.52562 
473.73 5.58356 
473.73 5.6415 
473.73 5.69944 
473.73 5.75738 
473.73 5.81531 
473.73 5.87325 
473.73 5.93119 
473.73 5.98913 
473.73 6.04706 
473.73 6.105 
473.73 6.32488 
473.73 6.54475 
473.73 6.76463 
473.73 6.9845 
473.73 7.20438 
473.73 7.42425 
473.73 7.64412 
473.73 7.864 
473.73 8.08387 
473.73 8.30375 
473.73 8.52362 
473.73 8.7435 
473.73 8.96337 
473.73 9.18325 
473.73 9.40312 
473.73 9.623 
473.73 9.54487 
473.73 9.46675 
473.73 9.38862 
473.73 9.3105 
473.73 9.23237 
473.73 9.15425 
473.73 9.07612 
473.73 8.998 
473.73 8.91987 
473.73 8.84175 
473.73 8.76362 
473.73 8.6855 
473.73 8.60737 
473.73 8.52925 
473.73 8.45112 
473.73 8.373 
473.73 8.27594 
473.73 8.17887 
473.73 8.08181 
473.73 7.98475 
473.73 7.88769 
473.73 7.79062 
473.73 7.69356 
473.73 7.5965 
473.73 7.49944 
473.73 7.40238 
473.73 7.30531 
473.73 7.20825 
473.73 7.11119 
473.73 7.01412 
473.73 6.91706 
473.73 6.82 
473.73 7.04794 
473.73 7.27588 
473.73 7.50381 
473.73 7.73175 
473.73 7.95969 
473.73 8.18763 
473.73 8.41556 
473.73 8.6435 
473.73 8.87144 
473.73 9.09938 
473.73 9.32731 
473.73 9.55525 
473.73 9.78319 
473.73 10.0111 
473.73 10.2391 
473.73 10.467 
473.73 10.4294 
473.73 10.3918 
473.73 10.3541 
473.73 10.3165 
473.73 10.2789 
473.73 10.2413 
473.73 10.2036 
473.73 10.166 
473.73 10.1284 
473.73 10.0907 
473.73 10.0531 
473.73 10.0155 
473.73 9.97788 
473.73 9.94025 
473.73 9.90263 
473.73 9.865 
473.73 10.0693 
473.73 10.2735 
473.73 10.4778 
473.73 10.682 
473.73 10.8863 
473.73 11.0905 
473.73 11.2948 
473.73 11.499 
473.73 11.7033 
473.73 11.9075 
473.73 12.1117 
473.73 12.316 
473.73 12.5202 
473.73 12.7245 
473.73 12.9287 
473.73 13.133 
473.73 12.9931 
473.73 12.8532 
473.73 12.7134 
473.73 12.5735 
473.73 12.4336 
473.73 12.2937 
473.73 12.1539 
473.73 12.014 
473.73 11.8741 
473.73 11.7342 
473.73 11.5944 
473.73 11.4545 
473.73 11.3146 
473.73 11.1747 
473.73 11.0349 

