473.73 5.17 
473.73 5.34756 
473.73 5.52513 
473.73 5.70269 
473.73 5.88025 
473.73 6.05781 
473.73 6.23537 
473.73 6.41294 
473.73 6.5905 
473.73 6.76806 
473.73 6.94562 
473.73 7.12319 
473.73 7.30075 
473.73 7.47831 
473.73 7.65587 
473.73 7.83344 
473.73 8.011 
473.73 8.07944 
473.73 8.14787 
473.73 8.21631 
473.73 8.28475 
473.73 8.35319 
473.73 8.42162 
473.73 8.49006 
473.73 8.5585 
473.73 8.62694 
473.73 8.69538 
473.73 8.76381 
473.73 8.83225 
473.73 8.90069 
473.73 8.96913 
473.73 9.03756 
473.73 9.106 
473.73 9.09369 
473.73 9.08137 
473.73 9.06906 
473.73 9.05675 
473.73 9.04444 
473.73 9.03213 
473.73 9.01981 
473.73 9.0075 
473.73 8.99519 
473.73 8.98287 
473.73 8.97056 
473.73 8.95825 
473.73 8.94594 
473.73 8.93363 
473.73 8.92131 
473.73 8.909 
473.73 8.78556 
473.73 8.66213 
473.73 8.53869 
473.73 8.41525 
473.73 8.29181 
473.73 8.16838 
473.73 8.04494 
473.73 7.9215 
473.73 7.79806 
473.73 7.67463 
473.73 7.55119 
473.73 7.42775 
473.73 7.30431 
473.73 7.18088 
473.73 7.05744 
473.73 6.934 
473.73 7.1975 
473.73 7.461 
473.73 7.7245 
473.73 7.988 
473.73 8.2515 
473.73 8.515 
473.73 8.7785 
473.73 9.042 
473.73 9.3055 
473.73 9.569 
473.73 9.8325 
473.73 10.096 
473.73 10.3595 
473.73 10.623 
473.73 10.8865 
473.73 11.15 
473.73 10.955 
473.73 10.76 
473.73 10.565 
473.73 10.37 
473.73 10.175 
473.73 9.98 
473.73 9.785 
473.73 9.59 
473.73 9.395 
473.73 9.2 
473.73 9.005 
473.73 8.81 
473.73 8.615 
473.73 8.42 
473.73 8.225 
473.73 8.03 
473.73 8.49494 
473.73 8.95988 
473.73 9.42481 
473.73 9.88975 
473.73 10.3547 
473.73 10.8196 
473.73 11.2846 
473.73 11.7495 
473.73 12.2144 
473.73 12.6794 
473.73 13.1443 
473.73 13.6092 
473.73 14.0742 
473.73 14.5391 
473.73 15.0041 
473.73 15.469 
473.73 15.2096 
473.73 14.9503 
473.73 14.6909 
473.73 14.4315 
473.73 14.1721 
473.73 13.9127 
473.73 13.6534 
473.73 13.394 
473.73 13.1346 
473.73 12.8753 
473.73 12.6159 
473.73 12.3565 
473.73 12.0971 
473.73 11.8377 
473.73 11.5784 

