473.73 5.667 
473.73 5.69206 
473.73 5.71712 
473.73 5.74219 
473.73 5.76725 
473.73 5.79231 
473.73 5.81738 
473.73 5.84244 
473.73 5.8675 
473.73 5.89256 
473.73 5.91762 
473.73 5.94269 
473.73 5.96775 
473.73 5.99281 
473.73 6.01788 
473.73 6.04294 
473.73 6.297 
473.73 6.40556 
473.73 6.51412 
473.73 6.62269 
473.73 6.73125 
473.73 6.83981 
473.73 6.94837 
473.73 7.05694 
473.73 7.1655 
473.73 7.27406 
473.73 7.38262 
473.73 7.49119 
473.73 7.59975 
473.73 7.70831 
473.73 7.81687 
473.73 7.92544 
473.73 14.875 
473.73 14.9373 
473.73 14.9995 
473.73 15.0617 
473.73 15.124 
473.73 15.1862 
473.73 15.2485 
473.73 15.3108 
473.73 15.373 
473.73 15.4352 
473.73 15.4975 
473.73 15.5598 
473.73 15.622 
473.73 15.6843 
473.73 15.7465 
473.73 15.8087 
473.73 12.294 
473.73 12.1334 
473.73 11.9728 
473.73 11.8121 
473.73 11.6515 
473.73 11.4909 
473.73 11.3303 
473.73 11.1696 
473.73 11.009 
473.73 10.8484 
473.73 10.6878 
473.73 10.5271 
473.73 10.3665 
473.73 10.2059 
473.73 10.0453 
473.73 9.88463 
473.73 15.622 
473.73 15.9167 
473.73 16.2114 
473.73 16.5061 
473.73 16.8008 
473.73 17.0954 
473.73 17.3901 
473.73 17.6848 
473.73 17.9795 
473.73 18.2742 
473.73 18.5689 
473.73 18.8636 
473.73 19.1582 
473.73 19.4529 
473.73 19.7476 
473.73 20.0423 
473.73 1.8 
473.73 1.62738 
473.73 1.45475 
473.73 1.28213 
473.73 1.1095 
473.73 0.936875 
473.73 0.76425 
473.73 0.591625 
473.73 0.419 
473.73 0.246375 
473.73 0.07375 
473.73 -0.098875 
473.73 -0.2715 
473.73 -0.444125 
473.73 -0.61675 
473.73 -0.789375 
473.73 18.819 
473.73 19.173 
473.73 19.527 
473.73 19.881 
473.73 20.235 
473.73 20.589 
473.73 20.943 
473.73 21.297 
473.73 21.651 
473.73 22.005 
473.73 22.359 
473.73 22.713 
473.73 23.067 
473.73 23.421 
473.73 23.775 
473.73 24.129 
473.73 3.174 
473.73 3.02381 
473.73 2.87362 
473.73 2.72344 
473.73 2.57325 
473.73 2.42306 
473.73 2.27287 
473.73 2.12269 
473.73 1.9725 
473.73 1.82231 
473.73 1.67212 
473.73 1.52194 
473.73 1.37175 
473.73 1.22156 
473.73 1.07137 
473.73 0.921187 

