473.73 5.698 
473.73 5.73413 
473.73 5.77025 
473.73 5.80638 
473.73 5.8425 
473.73 5.87863 
473.73 5.91475 
473.73 5.95087 
473.73 5.987 
473.73 6.02313 
473.73 6.05925 
473.73 6.09537 
473.73 6.1315 
473.73 6.16763 
473.73 6.20375 
473.73 6.23987 
473.73 6.276 
473.73 6.43419 
473.73 6.59237 
473.73 6.75056 
473.73 6.90875 
473.73 7.06694 
473.73 7.22513 
473.73 7.38331 
473.73 7.5415 
473.73 7.69969 
473.73 7.85787 
473.73 8.01606 
473.73 8.17425 
473.73 8.33244 
473.73 8.49063 
473.73 8.64881 
473.73 8.807 
473.73 8.79994 
473.73 8.79288 
473.73 8.78581 
473.73 8.77875 
473.73 8.77169 
473.73 8.76463 
473.73 8.75756 
473.73 8.7505 
473.73 8.74344 
473.73 8.73638 
473.73 8.72931 
473.73 8.72225 
473.73 8.71519 
473.73 8.70813 
473.73 8.70106 
473.73 8.694 
473.73 8.51569 
473.73 8.33738 
473.73 8.15906 
473.73 7.98075 
473.73 7.80244 
473.73 7.62413 
473.73 7.44581 
473.73 7.2675 
473.73 7.08919 
473.73 6.91088 
473.73 6.73256 
473.73 6.55425 
473.73 6.37594 
473.73 6.19763 
473.73 6.01931 
473.73 5.841 
473.73 6.10144 
473.73 6.36188 
473.73 6.62231 
473.73 6.88275 
473.73 7.14319 
473.73 7.40362 
473.73 7.66406 
473.73 7.9245 
473.73 8.18494 
473.73 8.44537 
473.73 8.70581 
473.73 8.96625 
473.73 9.22669 
473.73 9.48712 
473.73 9.74756 
473.73 10.008 
473.73 9.98337 
473.73 9.95875 
473.73 9.93412 
473.73 9.9095 
473.73 9.88487 
473.73 9.86025 
473.73 9.83563 
473.73 9.811 
473.73 9.78637 
473.73 9.76175 
473.73 9.73713 
473.73 9.7125 
473.73 9.68788 
473.73 9.66325 
473.73 9.63863 
473.73 9.614 
473.73 9.93138 
473.73 10.2488 
473.73 10.5661 
473.73 10.8835 
473.73 11.2009 
473.73 11.5183 
473.73 11.8356 
473.73 12.153 
473.73 12.4704 
473.73 12.7878 
473.73 13.1051 
473.73 13.4225 
473.73 13.7399 
473.73 14.0572 
473.73 14.3746 
473.73 14.692 
473.73 14.5107 
473.73 14.3295 
473.73 14.1483 
473.73 13.967 
473.73 13.7858 
473.73 13.6045 
473.73 13.4232 
473.73 13.242 
473.73 13.0608 
473.73 12.8795 
473.73 12.6982 
473.73 12.517 
473.73 12.3358 
473.73 12.1545 
473.73 11.9733 

