516.797 3.976 
516.797 3.932 
516.797 3.888 
516.797 3.844 
516.797 3.8 
516.797 3.756 
516.797 3.712 
516.797 3.668 
516.797 3.624 
516.797 3.58 
516.797 3.536 
516.797 3.492 
516.797 3.98073 
516.797 4.46945 
516.797 4.95818 
516.797 5.44691 
516.797 5.93564 
516.797 6.42436 
516.797 6.91309 
516.797 7.40182 
516.797 7.89055 
516.797 8.37927 
516.797 8.868 
516.797 8.26964 
516.797 7.67127 
516.797 7.07291 
516.797 6.47455 
516.797 5.87618 
516.797 5.27782 
516.797 4.67945 
516.797 4.08109 
516.797 3.48273 
516.797 2.88436 
516.797 2.286 
516.797 4.75573 
516.797 7.22545 
516.797 9.69518 
516.797 12.1649 
516.797 14.6346 
516.797 17.1044 
516.797 19.5741 
516.797 22.0438 
516.797 24.5135 
516.797 26.9833 
516.797 29.453 
516.797 26.8548 
516.797 24.2566 
516.797 21.6585 
516.797 19.0603 
516.797 16.4621 
516.797 13.8639 
516.797 11.2657 
516.797 8.66755 
516.797 6.06936 
516.797 3.47118 
516.797 0.873 
516.797 1.822 
516.797 2.771 
516.797 3.72 
516.797 4.669 
516.797 5.618 
516.797 6.567 
516.797 7.516 
516.797 8.465 
516.797 9.414 
516.797 10.363 
516.797 11.312 
516.797 10.6317 
516.797 9.95145 
516.797 9.27118 
516.797 8.59091 
516.797 7.91064 
516.797 7.23036 
516.797 6.55009 
516.797 5.86982 
516.797 5.18955 
516.797 4.50927 
516.797 3.829 
516.797 3.55891 
516.797 3.28882 
516.797 3.01873 
516.797 2.74864 
516.797 2.47855 
516.797 2.20845 
516.797 1.93836 
516.797 1.66827 
516.797 1.39818 
516.797 1.12809 

