516.797 5.148 
516.797 5.08745 
516.797 5.02691 
516.797 4.96636 
516.797 4.90582 
516.797 4.84527 
516.797 4.78473 
516.797 4.72418 
516.797 4.66364 
516.797 4.60309 
516.797 4.54255 
516.797 4.482 
516.797 5.00718 
516.797 5.53236 
516.797 6.05755 
516.797 6.58273 
516.797 7.10791 
516.797 7.63309 
516.797 8.15827 
516.797 8.68345 
516.797 9.20864 
516.797 9.73382 
516.797 10.259 
516.797 9.57127 
516.797 8.88355 
516.797 8.19582 
516.797 7.50809 
516.797 6.82036 
516.797 6.13264 
516.797 5.44491 
516.797 4.75718 
516.797 4.06945 
516.797 3.38173 
516.797 2.694 
516.797 5.06273 
516.797 7.43145 
516.797 9.80018 
516.797 12.1689 
516.797 14.5376 
516.797 16.9064 
516.797 19.2751 
516.797 21.6438 
516.797 24.0125 
516.797 26.3813 
516.797 28.75 
516.797 26.3235 
516.797 23.8971 
516.797 21.4706 
516.797 19.0442 
516.797 16.6177 
516.797 14.1913 
516.797 11.7648 
516.797 9.33836 
516.797 6.91191 
516.797 4.48545 
516.797 2.059 
516.797 2.87682 
516.797 3.69464 
516.797 4.51245 
516.797 5.33027 
516.797 6.14809 
516.797 6.96591 
516.797 7.78373 
516.797 8.60155 
516.797 9.41936 
516.797 10.2372 
516.797 11.055 
516.797 10.3919 
516.797 9.72882 
516.797 9.06573 
516.797 8.40264 
516.797 7.73955 
516.797 7.07645 
516.797 6.41336 
516.797 5.75027 
516.797 5.08718 
516.797 4.42409 
516.797 3.761 
516.797 3.50445 
516.797 3.24791 
516.797 2.99136 
516.797 2.73482 
516.797 2.47827 
516.797 2.22173 
516.797 1.96518 
516.797 1.70864 
516.797 1.45209 
516.797 1.19555 

