516.797 5.652 
516.797 5.42818 
516.797 5.20436 
516.797 4.98055 
516.797 4.75673 
516.797 4.53291 
516.797 4.30909 
516.797 4.08527 
516.797 3.86145 
516.797 3.63764 
516.797 3.41382 
516.797 3.19 
516.797 3.69918 
516.797 4.20836 
516.797 4.71755 
516.797 5.22673 
516.797 5.73591 
516.797 6.24509 
516.797 6.75427 
516.797 7.26345 
516.797 7.77264 
516.797 8.28182 
516.797 8.791 
516.797 8.51718 
516.797 8.24336 
516.797 7.96955 
516.797 7.69573 
516.797 7.42191 
516.797 7.14809 
516.797 6.87427 
516.797 6.60045 
516.797 6.32664 
516.797 6.05282 
516.797 5.779 
516.797 7.85173 
516.797 9.92445 
516.797 11.9972 
516.797 14.0699 
516.797 16.1426 
516.797 18.2154 
516.797 20.2881 
516.797 22.3608 
516.797 24.4335 
516.797 26.5063 
516.797 28.579 
516.797 26.1395 
516.797 23.7001 
516.797 21.2606 
516.797 18.8212 
516.797 16.3817 
516.797 13.9423 
516.797 11.5028 
516.797 9.06336 
516.797 6.62391 
516.797 4.18445 
516.797 1.745 
516.797 2.57964 
516.797 3.41427 
516.797 4.24891 
516.797 5.08355 
516.797 5.91818 
516.797 6.75282 
516.797 7.58745 
516.797 8.42209 
516.797 9.25673 
516.797 10.0914 
516.797 10.926 
516.797 10.3129 
516.797 9.69982 
516.797 9.08673 
516.797 8.47364 
516.797 7.86055 
516.797 7.24745 
516.797 6.63436 
516.797 6.02127 
516.797 5.40818 
516.797 4.79509 
516.797 4.182 
516.797 3.88082 
516.797 3.57964 
516.797 3.27845 
516.797 2.97727 
516.797 2.67609 
516.797 2.37491 
516.797 2.07373 
516.797 1.77255 
516.797 1.47136 
516.797 1.17018 

