516.797 2.556 
516.797 2.68627 
516.797 2.81655 
516.797 2.94682 
516.797 3.07709 
516.797 3.20736 
516.797 3.33764 
516.797 3.46791 
516.797 3.59818 
516.797 3.72845 
516.797 3.85873 
516.797 3.989 
516.797 4.65991 
516.797 5.33082 
516.797 6.00173 
516.797 6.67264 
516.797 7.34355 
516.797 8.01445 
516.797 8.68536 
516.797 9.35627 
516.797 10.0272 
516.797 10.6981 
516.797 11.369 
516.797 10.8974 
516.797 10.4257 
516.797 9.95409 
516.797 9.48245 
516.797 9.01082 
516.797 8.53918 
516.797 8.06755 
516.797 7.59591 
516.797 7.12427 
516.797 6.65264 
516.797 6.181 
516.797 8.46764 
516.797 10.7543 
516.797 13.0409 
516.797 15.3275 
516.797 17.6142 
516.797 19.9008 
516.797 22.1875 
516.797 24.4741 
516.797 26.7607 
516.797 29.0474 
516.797 31.334 
516.797 28.6321 
516.797 25.9302 
516.797 23.2283 
516.797 20.5264 
516.797 17.8245 
516.797 15.1225 
516.797 12.4206 
516.797 9.71873 
516.797 7.01682 
516.797 4.31491 
516.797 1.613 
516.797 2.72473 
516.797 3.83645 
516.797 4.94818 
516.797 6.05991 
516.797 7.17164 
516.797 8.28336 
516.797 9.39509 
516.797 10.5068 
516.797 11.6185 
516.797 12.7303 
516.797 13.842 
516.797 12.8326 
516.797 11.8233 
516.797 10.8139 
516.797 9.80455 
516.797 8.79518 
516.797 7.78582 
516.797 6.77645 
516.797 5.76709 
516.797 4.75773 
516.797 3.74836 
516.797 2.739 
516.797 2.57836 
516.797 2.41773 
516.797 2.25709 
516.797 2.09645 
516.797 1.93582 
516.797 1.77518 
516.797 1.61455 
516.797 1.45391 
516.797 1.29327 
516.797 1.13264 

