516.797 4.738 
516.797 4.83873 
516.797 4.93945 
516.797 5.04018 
516.797 5.14091 
516.797 5.24164 
516.797 5.34236 
516.797 5.44309 
516.797 5.54382 
516.797 5.64455 
516.797 5.74527 
516.797 5.846 
516.797 6.18745 
516.797 6.52891 
516.797 6.87036 
516.797 7.21182 
516.797 7.55327 
516.797 7.89473 
516.797 8.23618 
516.797 8.57764 
516.797 8.91909 
516.797 9.26055 
516.797 9.602 
516.797 9.00945 
516.797 8.41691 
516.797 7.82436 
516.797 7.23182 
516.797 6.63927 
516.797 6.04673 
516.797 5.45418 
516.797 4.86164 
516.797 4.26909 
516.797 3.67655 
516.797 3.084 
516.797 5.48345 
516.797 7.88291 
516.797 10.2824 
516.797 12.6818 
516.797 15.0813 
516.797 17.4807 
516.797 19.8802 
516.797 22.2796 
516.797 24.6791 
516.797 27.0785 
516.797 29.478 
516.797 26.8775 
516.797 24.2771 
516.797 21.6766 
516.797 19.0762 
516.797 16.4757 
516.797 13.8753 
516.797 11.2748 
516.797 8.67436 
516.797 6.07391 
516.797 3.47345 
516.797 0.873 
516.797 1.80645 
516.797 2.73991 
516.797 3.67336 
516.797 4.60682 
516.797 5.54027 
516.797 6.47373 
516.797 7.40718 
516.797 8.34064 
516.797 9.27409 
516.797 10.2075 
516.797 11.141 
516.797 10.4533 
516.797 9.76555 
516.797 9.07782 
516.797 8.39009 
516.797 7.70236 
516.797 7.01464 
516.797 6.32691 
516.797 5.63918 
516.797 4.95145 
516.797 4.26373 
516.797 3.576 
516.797 3.32891 
516.797 3.08182 
516.797 2.83473 
516.797 2.58764 
516.797 2.34055 
516.797 2.09345 
516.797 1.84636 
516.797 1.59927 
516.797 1.35218 
516.797 1.10509 

