516.797 4.38 
516.797 4.28855 
516.797 4.19709 
516.797 4.10564 
516.797 4.01418 
516.797 3.92273 
516.797 3.83127 
516.797 3.73982 
516.797 3.64836 
516.797 3.55691 
516.797 3.46545 
516.797 3.374 
516.797 3.94391 
516.797 4.51382 
516.797 5.08373 
516.797 5.65364 
516.797 6.22355 
516.797 6.79345 
516.797 7.36336 
516.797 7.93327 
516.797 8.50318 
516.797 9.07309 
516.797 9.643 
516.797 9.35736 
516.797 9.07173 
516.797 8.78609 
516.797 8.50045 
516.797 8.21482 
516.797 7.92918 
516.797 7.64355 
516.797 7.35791 
516.797 7.07227 
516.797 6.78664 
516.797 6.501 
516.797 8.56364 
516.797 10.6263 
516.797 12.6889 
516.797 14.7515 
516.797 16.8142 
516.797 18.8768 
516.797 20.9395 
516.797 23.0021 
516.797 25.0647 
516.797 27.1274 
516.797 29.19 
516.797 26.7355 
516.797 24.2809 
516.797 21.8264 
516.797 19.3718 
516.797 16.9173 
516.797 14.4627 
516.797 12.0082 
516.797 9.55364 
516.797 7.09909 
516.797 4.64455 
516.797 2.19 
516.797 3.01373 
516.797 3.83745 
516.797 4.66118 
516.797 5.48491 
516.797 6.30864 
516.797 7.13236 
516.797 7.95609 
516.797 8.77982 
516.797 9.60355 
516.797 10.4273 
516.797 11.251 
516.797 10.5799 
516.797 9.90882 
516.797 9.23773 
516.797 8.56664 
516.797 7.89555 
516.797 7.22445 
516.797 6.55336 
516.797 5.88227 
516.797 5.21118 
516.797 4.54009 
516.797 3.869 
516.797 3.59818 
516.797 3.32736 
516.797 3.05655 
516.797 2.78573 
516.797 2.51491 
516.797 2.24409 
516.797 1.97327 
516.797 1.70245 
516.797 1.43164 
516.797 1.16082 

