516.797 5.272 
516.797 5.30845 
516.797 5.34491 
516.797 5.38136 
516.797 5.41782 
516.797 5.45427 
516.797 5.49073 
516.797 5.52718 
516.797 5.56364 
516.797 5.60009 
516.797 5.63655 
516.797 5.673 
516.797 5.91218 
516.797 6.15136 
516.797 6.39055 
516.797 6.62973 
516.797 6.86891 
516.797 7.10809 
516.797 7.34727 
516.797 7.58645 
516.797 7.82564 
516.797 8.06482 
516.797 8.304 
516.797 8.01809 
516.797 7.73218 
516.797 7.44627 
516.797 7.16036 
516.797 6.87445 
516.797 6.58855 
516.797 6.30264 
516.797 6.01673 
516.797 5.73082 
516.797 5.44491 
516.797 5.159 
516.797 7.31809 
516.797 9.47718 
516.797 11.6363 
516.797 13.7954 
516.797 15.9545 
516.797 18.1135 
516.797 20.2726 
516.797 22.4317 
516.797 24.5908 
516.797 26.7499 
516.797 28.909 
516.797 26.4784 
516.797 24.0477 
516.797 21.6171 
516.797 19.1865 
516.797 16.7558 
516.797 14.3252 
516.797 11.8945 
516.797 9.46391 
516.797 7.03327 
516.797 4.60264 
516.797 2.172 
516.797 2.994 
516.797 3.816 
516.797 4.638 
516.797 5.46 
516.797 6.282 
516.797 7.104 
516.797 7.926 
516.797 8.748 
516.797 9.57 
516.797 10.392 
516.797 11.214 
516.797 10.5155 
516.797 9.81709 
516.797 9.11864 
516.797 8.42018 
516.797 7.72173 
516.797 7.02327 
516.797 6.32482 
516.797 5.62636 
516.797 4.92791 
516.797 4.22945 
516.797 3.531 
516.797 3.29709 
516.797 3.06318 
516.797 2.82927 
516.797 2.59536 
516.797 2.36145 
516.797 2.12755 
516.797 1.89364 
516.797 1.65973 
516.797 1.42582 
516.797 1.19191 

