516.797 2.497 
516.797 2.435 
516.797 2.373 
516.797 2.311 
516.797 2.249 
516.797 2.187 
516.797 2.125 
516.797 2.063 
516.797 2.001 
516.797 1.939 
516.797 1.877 
516.797 1.815 
516.797 2.67355 
516.797 3.53209 
516.797 4.39064 
516.797 5.24918 
516.797 6.10773 
516.797 6.96627 
516.797 7.82482 
516.797 8.68336 
516.797 9.54191 
516.797 10.4005 
516.797 11.259 
516.797 10.8444 
516.797 10.4297 
516.797 10.0151 
516.797 9.60045 
516.797 9.18582 
516.797 8.77118 
516.797 8.35655 
516.797 7.94191 
516.797 7.52727 
516.797 7.11264 
516.797 6.698 
516.797 8.92345 
516.797 11.1489 
516.797 13.3744 
516.797 15.5998 
516.797 17.8253 
516.797 20.0507 
516.797 22.2762 
516.797 24.5016 
516.797 26.7271 
516.797 28.9525 
516.797 31.178 
516.797 28.4261 
516.797 25.6742 
516.797 22.9223 
516.797 20.1704 
516.797 17.4185 
516.797 14.6665 
516.797 11.9146 
516.797 9.16273 
516.797 6.41082 
516.797 3.65891 
516.797 0.907 
516.797 2.04636 
516.797 3.18573 
516.797 4.32509 
516.797 5.46445 
516.797 6.60382 
516.797 7.74318 
516.797 8.88255 
516.797 10.0219 
516.797 11.1613 
516.797 12.3006 
516.797 13.44 
516.797 12.3951 
516.797 11.3502 
516.797 10.3053 
516.797 9.26036 
516.797 8.21545 
516.797 7.17055 
516.797 6.12564 
516.797 5.08073 
516.797 4.03582 
516.797 2.99091 
516.797 1.946 
516.797 1.84936 
516.797 1.75273 
516.797 1.65609 
516.797 1.55945 
516.797 1.46282 
516.797 1.36618 
516.797 1.26955 
516.797 1.17291 
516.797 1.07627 
516.797 0.979636 

