516.797 2.518 
516.797 2.79791 
516.797 3.07782 
516.797 3.35773 
516.797 3.63764 
516.797 3.91755 
516.797 4.19745 
516.797 4.47736 
516.797 4.75727 
516.797 5.03718 
516.797 5.31709 
516.797 5.597 
516.797 5.99664 
516.797 6.39627 
516.797 6.79591 
516.797 7.19555 
516.797 7.59518 
516.797 7.99482 
516.797 8.39445 
516.797 8.79409 
516.797 9.19373 
516.797 9.59336 
516.797 9.993 
516.797 9.49136 
516.797 8.98973 
516.797 8.48809 
516.797 7.98645 
516.797 7.48482 
516.797 6.98318 
516.797 6.48155 
516.797 5.97991 
516.797 5.47827 
516.797 4.97664 
516.797 4.475 
516.797 6.73709 
516.797 8.99918 
516.797 11.2613 
516.797 13.5234 
516.797 15.7855 
516.797 18.0475 
516.797 20.3096 
516.797 22.5717 
516.797 24.8338 
516.797 27.0959 
516.797 29.358 
516.797 26.9006 
516.797 24.4433 
516.797 21.9859 
516.797 19.5285 
516.797 17.0712 
516.797 14.6138 
516.797 12.1565 
516.797 9.69909 
516.797 7.24173 
516.797 4.78436 
516.797 2.327 
516.797 3.17845 
516.797 4.02991 
516.797 4.88136 
516.797 5.73282 
516.797 6.58427 
516.797 7.43573 
516.797 8.28718 
516.797 9.13864 
516.797 9.99009 
516.797 10.8415 
516.797 11.693 
516.797 10.9152 
516.797 10.1374 
516.797 9.35955 
516.797 8.58173 
516.797 7.80391 
516.797 7.02609 
516.797 6.24827 
516.797 5.47045 
516.797 4.69264 
516.797 3.91482 
516.797 3.137 
516.797 2.92836 
516.797 2.71973 
516.797 2.51109 
516.797 2.30245 
516.797 2.09382 
516.797 1.88518 
516.797 1.67655 
516.797 1.46791 
516.797 1.25927 
516.797 1.05064 

