516.797 8.734 
516.797 8.93163 
516.797 9.12925 
516.797 9.32687 
516.797 9.5245 
516.797 9.72213 
516.797 9.91975 
516.797 10.1174 
516.797 10.315 
516.797 10.5126 
516.797 10.7103 
516.797 10.9079 
516.797 11.1055 
516.797 11.3031 
516.797 11.5008 
516.797 11.6984 
516.797 11.896 
516.797 12.1477 
516.797 12.3994 
516.797 12.6511 
516.797 12.9028 
516.797 13.1544 
516.797 13.4061 
516.797 13.6578 
516.797 13.9095 
516.797 14.1612 
516.797 14.4129 
516.797 14.6646 
516.797 14.9162 
516.797 15.1679 
516.797 15.4196 
516.797 15.6713 
516.797 15.923 
516.797 15.8338 
516.797 15.7445 
516.797 15.6553 
516.797 15.566 
516.797 15.4767 
516.797 15.3875 
516.797 15.2982 
516.797 15.209 
516.797 15.1197 
516.797 15.0305 
516.797 14.9413 
516.797 14.852 
516.797 14.7627 
516.797 14.6735 
516.797 14.5842 
516.797 14.495 
516.797 14.2759 
516.797 14.0569 
516.797 13.8378 
516.797 13.6187 
516.797 13.3997 
516.797 13.1806 
516.797 12.9616 
516.797 12.7425 
516.797 12.5234 
516.797 12.3044 
516.797 12.0853 
516.797 11.8663 
516.797 11.6472 
516.797 11.4281 
516.797 11.2091 
516.797 10.99 
516.797 11.3736 
516.797 11.7571 
516.797 12.1407 
516.797 12.5243 
516.797 12.9078 
516.797 13.2914 
516.797 13.6749 
516.797 14.0585 
516.797 14.4421 
516.797 14.8256 
516.797 15.2092 
516.797 15.5927 
516.797 15.9763 
516.797 16.3599 
516.797 16.7434 
516.797 17.127 
516.797 16.999 
516.797 16.871 
516.797 16.743 
516.797 16.615 
516.797 16.487 
516.797 16.359 
516.797 16.231 
516.797 16.103 
516.797 15.975 
516.797 15.847 
516.797 15.719 
516.797 15.591 
516.797 15.463 
516.797 15.335 
516.797 15.207 
516.797 15.079 
516.797 15.6689 
516.797 16.2589 
516.797 16.8488 
516.797 17.4387 
516.797 18.0287 
516.797 18.6186 
516.797 19.2086 
516.797 19.7985 
516.797 20.3884 
516.797 20.9784 
516.797 21.5683 
516.797 22.1583 
516.797 22.7482 
516.797 23.3381 
516.797 23.9281 
516.797 24.518 
516.797 24.1582 
516.797 23.7984 
516.797 23.4386 
516.797 23.0787 
516.797 22.7189 
516.797 22.3591 
516.797 21.9993 
516.797 21.6395 
516.797 21.2797 
516.797 20.9199 
516.797 20.5601 
516.797 20.2003 
516.797 19.8404 
516.797 19.4806 
516.797 19.1208 

