516.797 8.95 
516.797 9.14094 
516.797 9.33188 
516.797 9.52281 
516.797 9.71375 
516.797 9.90469 
516.797 10.0956 
516.797 10.2866 
516.797 10.4775 
516.797 10.6684 
516.797 10.8594 
516.797 11.0503 
516.797 11.2413 
516.797 11.4322 
516.797 11.6231 
516.797 11.8141 
516.797 12.005 
516.797 12.2371 
516.797 12.4693 
516.797 12.7014 
516.797 12.9335 
516.797 13.1656 
516.797 13.3978 
516.797 13.6299 
516.797 13.862 
516.797 14.0941 
516.797 14.3262 
516.797 14.5584 
516.797 14.7905 
516.797 15.0226 
516.797 15.2547 
516.797 15.4869 
516.797 15.719 
516.797 15.6493 
516.797 15.5796 
516.797 15.5099 
516.797 15.4402 
516.797 15.3706 
516.797 15.3009 
516.797 15.2312 
516.797 15.1615 
516.797 15.0918 
516.797 15.0221 
516.797 14.9524 
516.797 14.8827 
516.797 14.8131 
516.797 14.7434 
516.797 14.6737 
516.797 14.604 
516.797 14.4502 
516.797 14.2964 
516.797 14.1426 
516.797 13.9887 
516.797 13.8349 
516.797 13.6811 
516.797 13.5273 
516.797 13.3735 
516.797 13.2197 
516.797 13.0659 
516.797 12.9121 
516.797 12.7583 
516.797 12.6044 
516.797 12.4506 
516.797 12.2968 
516.797 12.143 
516.797 12.5169 
516.797 12.8909 
516.797 13.2648 
516.797 13.6388 
516.797 14.0127 
516.797 14.3866 
516.797 14.7606 
516.797 15.1345 
516.797 15.5084 
516.797 15.8824 
516.797 16.2563 
516.797 16.6303 
516.797 17.0042 
516.797 17.3781 
516.797 17.7521 
516.797 18.126 
516.797 17.9593 
516.797 17.7926 
516.797 17.6259 
516.797 17.4593 
516.797 17.2926 
516.797 17.1259 
516.797 16.9592 
516.797 16.7925 
516.797 16.6258 
516.797 16.4591 
516.797 16.2924 
516.797 16.1258 
516.797 15.9591 
516.797 15.7924 
516.797 15.6257 
516.797 15.459 
516.797 15.9707 
516.797 16.4824 
516.797 16.9941 
516.797 17.5057 
516.797 18.0174 
516.797 18.5291 
516.797 19.0408 
516.797 19.5525 
516.797 20.0642 
516.797 20.5759 
516.797 21.0876 
516.797 21.5993 
516.797 22.1109 
516.797 22.6226 
516.797 23.1343 
516.797 23.646 
516.797 23.3897 
516.797 23.1335 
516.797 22.8773 
516.797 22.621 
516.797 22.3648 
516.797 22.1085 
516.797 21.8523 
516.797 21.596 
516.797 21.3397 
516.797 21.0835 
516.797 20.8272 
516.797 20.571 
516.797 20.3148 
516.797 20.0585 
516.797 19.8023 

