516.797 18.3712 
516.797 18.3695 
516.797 18.3678 
516.797 18.366 
516.797 18.3643 
516.797 18.3626 
516.797 18.3609 
516.797 18.3592 
516.797 18.3574 
516.797 18.3557 
516.797 18.354 
516.797 18.3523 
516.797 18.3505 
516.797 18.3488 
516.797 18.3471 
516.797 18.3454 
516.797 18.3437 
516.797 18.3419 
516.797 18.3402 
516.797 18.3385 
516.797 18.3368 
516.797 18.3351 
516.797 18.3333 
516.797 18.3316 
516.797 18.3299 
516.797 18.3282 
516.797 18.3264 
516.797 18.3247 
516.797 18.323 
516.797 18.3213 
516.797 18.3196 
516.797 18.3178 
516.797 18.3161 
516.797 18.3144 
516.797 18.3127 
516.797 18.3109 
516.797 18.3092 
516.797 18.3075 
516.797 18.3058 
516.797 18.3041 
516.797 18.3023 
516.797 18.3006 
516.797 18.2989 
516.797 18.2972 
516.797 18.2955 
516.797 18.2937 
516.797 18.292 
516.797 18.2903 
516.797 18.2886 
516.797 18.2868 
516.797 18.2851 
516.797 18.2834 
516.797 18.2817 
516.797 18.28 
516.797 18.2782 
516.797 18.2765 
516.797 18.2748 
516.797 18.2731 
516.797 18.2713 
516.797 18.2696 
516.797 18.2679 
516.797 18.2662 
516.797 18.2645 
516.797 18.2627 
516.797 18.261 
516.797 18.2593 
516.797 18.2576 
516.797 18.2559 
516.797 18.2541 
516.797 18.2524 
516.797 18.2507 
516.797 18.249 
516.797 18.2472 
516.797 18.2455 
516.797 18.2438 
516.797 18.2421 
516.797 18.2404 
516.797 18.2386 
516.797 18.2369 
516.797 18.2352 
516.797 18.2335 
516.797 18.2318 
516.797 18.23 
516.797 18.2283 
516.797 18.2266 
516.797 18.2249 
516.797 18.2231 
516.797 18.2214 
516.797 18.2197 
516.797 18.218 
516.797 18.2163 
516.797 18.2145 
516.797 18.2128 
516.797 18.2111 
516.797 18.2094 
516.797 18.2076 
516.797 18.2059 
516.797 18.2042 
516.797 18.2025 
516.797 18.2008 
516.797 18.199 
516.797 18.1973 
516.797 18.1956 
516.797 18.1939 
516.797 18.1922 
516.797 18.1904 
516.797 18.1887 
516.797 18.187 
516.797 18.1853 
516.797 18.1835 
516.797 18.1818 
516.797 18.1801 
516.797 18.1784 
516.797 18.1767 
516.797 18.1749 
516.797 18.1732 
516.797 18.1715 
516.797 18.1698 
516.797 18.1681 
516.797 18.1663 
516.797 18.1646 
516.797 18.1629 
516.797 18.1612 
516.797 18.1594 
516.797 18.1577 
516.797 18.156 
516.797 18.1543 
516.797 18.1526 

