516.797 9.015 
516.797 9.19006 
516.797 9.36513 
516.797 9.54019 
516.797 9.71525 
516.797 9.89031 
516.797 10.0654 
516.797 10.2404 
516.797 10.4155 
516.797 10.5906 
516.797 10.7656 
516.797 10.9407 
516.797 11.1158 
516.797 11.2908 
516.797 11.4659 
516.797 11.6409 
516.797 11.816 
516.797 12.0825 
516.797 12.349 
516.797 12.6155 
516.797 12.882 
516.797 13.1485 
516.797 13.415 
516.797 13.6815 
516.797 13.948 
516.797 14.2145 
516.797 14.481 
516.797 14.7475 
516.797 15.014 
516.797 15.2805 
516.797 15.547 
516.797 15.8135 
516.797 16.08 
516.797 16.0029 
516.797 15.9259 
516.797 15.8488 
516.797 15.7717 
516.797 15.6947 
516.797 15.6176 
516.797 15.5406 
516.797 15.4635 
516.797 15.3864 
516.797 15.3094 
516.797 15.2323 
516.797 15.1552 
516.797 15.0782 
516.797 15.0011 
516.797 14.9241 
516.797 14.847 
516.797 14.6938 
516.797 14.5406 
516.797 14.3874 
516.797 14.2342 
516.797 14.0811 
516.797 13.9279 
516.797 13.7747 
516.797 13.6215 
516.797 13.4683 
516.797 13.3151 
516.797 13.1619 
516.797 13.0088 
516.797 12.8556 
516.797 12.7024 
516.797 12.5492 
516.797 12.396 
516.797 12.8265 
516.797 13.257 
516.797 13.6875 
516.797 14.118 
516.797 14.5485 
516.797 14.979 
516.797 15.4095 
516.797 15.84 
516.797 16.2705 
516.797 16.701 
516.797 17.1315 
516.797 17.562 
516.797 17.9925 
516.797 18.423 
516.797 18.8535 
516.797 19.284 
516.797 19.0382 
516.797 18.7925 
516.797 18.5467 
516.797 18.301 
516.797 18.0553 
516.797 17.8095 
516.797 17.5637 
516.797 17.318 
516.797 17.0723 
516.797 16.8265 
516.797 16.5808 
516.797 16.335 
516.797 16.0892 
516.797 15.8435 
516.797 15.5978 
516.797 15.352 
516.797 15.8386 
516.797 16.3251 
516.797 16.8117 
516.797 17.2982 
516.797 17.7848 
516.797 18.2714 
516.797 18.7579 
516.797 19.2445 
516.797 19.7311 
516.797 20.2176 
516.797 20.7042 
516.797 21.1908 
516.797 21.6773 
516.797 22.1639 
516.797 22.6504 
516.797 23.137 
516.797 22.9236 
516.797 22.7103 
516.797 22.4969 
516.797 22.2835 
516.797 22.0701 
516.797 21.8567 
516.797 21.6434 
516.797 21.43 
516.797 21.2166 
516.797 21.0033 
516.797 20.7899 
516.797 20.5765 
516.797 20.3631 
516.797 20.1497 
516.797 19.9364 

