516.797 9.338 
516.797 9.49494 
516.797 9.65187 
516.797 9.80881 
516.797 9.96575 
516.797 10.1227 
516.797 10.2796 
516.797 10.4366 
516.797 10.5935 
516.797 10.7504 
516.797 10.9074 
516.797 11.0643 
516.797 11.2212 
516.797 11.3782 
516.797 11.5351 
516.797 11.6921 
516.797 11.849 
516.797 12.1289 
516.797 12.4089 
516.797 12.6888 
516.797 12.9688 
516.797 13.2487 
516.797 13.5286 
516.797 13.8086 
516.797 14.0885 
516.797 14.3684 
516.797 14.6484 
516.797 14.9283 
516.797 15.2082 
516.797 15.4882 
516.797 15.7681 
516.797 16.0481 
516.797 16.328 
516.797 16.2594 
516.797 16.1909 
516.797 16.1223 
516.797 16.0538 
516.797 15.9852 
516.797 15.9166 
516.797 15.8481 
516.797 15.7795 
516.797 15.7109 
516.797 15.6424 
516.797 15.5738 
516.797 15.5053 
516.797 15.4367 
516.797 15.3681 
516.797 15.2996 
516.797 15.231 
516.797 15.0747 
516.797 14.9184 
516.797 14.7621 
516.797 14.6058 
516.797 14.4494 
516.797 14.2931 
516.797 14.1368 
516.797 13.9805 
516.797 13.8242 
516.797 13.6679 
516.797 13.5116 
516.797 13.3552 
516.797 13.1989 
516.797 13.0426 
516.797 12.8863 
516.797 12.73 
516.797 13.1913 
516.797 13.6526 
516.797 14.1139 
516.797 14.5753 
516.797 15.0366 
516.797 15.4979 
516.797 15.9592 
516.797 16.4205 
516.797 16.8818 
516.797 17.3431 
516.797 17.8044 
516.797 18.2658 
516.797 18.7271 
516.797 19.1884 
516.797 19.6497 
516.797 20.111 
516.797 19.7553 
516.797 19.3996 
516.797 19.0439 
516.797 18.6883 
516.797 18.3326 
516.797 17.9769 
516.797 17.6212 
516.797 17.2655 
516.797 16.9098 
516.797 16.5541 
516.797 16.1984 
516.797 15.8428 
516.797 15.4871 
516.797 15.1314 
516.797 14.7757 
516.797 14.42 
516.797 14.9959 
516.797 15.5719 
516.797 16.1478 
516.797 16.7237 
516.797 17.2997 
516.797 17.8756 
516.797 18.4516 
516.797 19.0275 
516.797 19.6034 
516.797 20.1794 
516.797 20.7553 
516.797 21.3313 
516.797 21.9072 
516.797 22.4831 
516.797 23.0591 
516.797 23.635 
516.797 23.3806 
516.797 23.1261 
516.797 22.8717 
516.797 22.6173 
516.797 22.3628 
516.797 22.1084 
516.797 21.8539 
516.797 21.5995 
516.797 21.3451 
516.797 21.0906 
516.797 20.8362 
516.797 20.5817 
516.797 20.3273 
516.797 20.0729 
516.797 19.8184 

