516.797 2.978 
516.797 3.21944 
516.797 3.46088 
516.797 3.70231 
516.797 3.94375 
516.797 4.18519 
516.797 4.42663 
516.797 4.66806 
516.797 4.9095 
516.797 5.15094 
516.797 5.39238 
516.797 5.63381 
516.797 5.87525 
516.797 6.11669 
516.797 6.35813 
516.797 6.59956 
516.797 3.43 
516.797 3.63394 
516.797 3.83788 
516.797 4.04181 
516.797 4.24575 
516.797 4.44969 
516.797 4.65362 
516.797 4.85756 
516.797 5.0615 
516.797 5.26544 
516.797 5.46937 
516.797 5.67331 
516.797 5.87725 
516.797 6.08119 
516.797 6.28513 
516.797 6.48906 
516.797 10.608 
516.797 10.5237 
516.797 10.4395 
516.797 10.3552 
516.797 10.271 
516.797 10.1867 
516.797 10.1025 
516.797 10.0183 
516.797 9.934 
516.797 9.84975 
516.797 9.7655 
516.797 9.68125 
516.797 9.597 
516.797 9.51275 
516.797 9.4285 
516.797 9.34425 
516.797 2.595 
516.797 2.49569 
516.797 2.39637 
516.797 2.29706 
516.797 2.19775 
516.797 2.09844 
516.797 1.99913 
516.797 1.89981 
516.797 1.8005 
516.797 1.70119 
516.797 1.60187 
516.797 1.50256 
516.797 1.40325 
516.797 1.30394 
516.797 1.20462 
516.797 1.10531 
516.797 31.055 
516.797 31.7362 
516.797 32.4174 
516.797 33.0986 
516.797 33.7797 
516.797 34.4609 
516.797 35.1421 
516.797 35.8233 
516.797 36.5045 
516.797 37.1857 
516.797 37.8669 
516.797 38.5481 
516.797 39.2293 
516.797 39.9104 
516.797 40.5916 
516.797 41.2728 
516.797 1.373 
516.797 0.976813 
516.797 0.580625 
516.797 0.184438 
516.797 -0.21175 
516.797 -0.607937 
516.797 -1.00412 
516.797 -1.40031 
516.797 -1.7965 
516.797 -2.19269 
516.797 -2.58887 
516.797 -2.98506 
516.797 -3.38125 
516.797 -3.77744 
516.797 -4.17362 
516.797 -4.56981 
516.797 12.59 
516.797 13.5275 
516.797 14.465 
516.797 15.4025 
516.797 16.34 
516.797 17.2775 
516.797 18.215 
516.797 19.1525 
516.797 20.09 
516.797 21.0275 
516.797 21.965 
516.797 22.9025 
516.797 23.84 
516.797 24.7775 
516.797 25.715 
516.797 26.6525 
516.797 3.478 
516.797 2.99044 
516.797 2.50288 
516.797 2.01531 
516.797 1.52775 
516.797 1.04019 
516.797 0.552625 
516.797 0.0650625 
516.797 -0.4225 
516.797 -0.910062 
516.797 -1.39762 
516.797 -1.88519 
516.797 -2.37275 
516.797 -2.86031 
516.797 -3.34787 
516.797 -3.83544 

