516.797 8.777 
516.797 8.98912 
516.797 9.20125 
516.797 9.41337 
516.797 9.6255 
516.797 9.83762 
516.797 10.0497 
516.797 10.2619 
516.797 10.474 
516.797 10.6861 
516.797 10.8982 
516.797 11.1104 
516.797 11.3225 
516.797 11.5346 
516.797 11.7467 
516.797 11.9589 
516.797 12.171 
516.797 12.4109 
516.797 12.6509 
516.797 12.8908 
516.797 13.1307 
516.797 13.3707 
516.797 13.6106 
516.797 13.8506 
516.797 14.0905 
516.797 14.3304 
516.797 14.5704 
516.797 14.8103 
516.797 15.0503 
516.797 15.2902 
516.797 15.5301 
516.797 15.7701 
516.797 16.01 
516.797 15.942 
516.797 15.874 
516.797 15.806 
516.797 15.738 
516.797 15.67 
516.797 15.602 
516.797 15.534 
516.797 15.466 
516.797 15.398 
516.797 15.33 
516.797 15.262 
516.797 15.194 
516.797 15.126 
516.797 15.058 
516.797 14.99 
516.797 14.922 
516.797 14.6639 
516.797 14.4058 
516.797 14.1476 
516.797 13.8895 
516.797 13.6314 
516.797 13.3733 
516.797 13.1151 
516.797 12.857 
516.797 12.5989 
516.797 12.3407 
516.797 12.0826 
516.797 11.8245 
516.797 11.5664 
516.797 11.3083 
516.797 11.0501 
516.797 10.792 
516.797 11.2199 
516.797 11.6478 
516.797 12.0756 
516.797 12.5035 
516.797 12.9314 
516.797 13.3592 
516.797 13.7871 
516.797 14.215 
516.797 14.6429 
516.797 15.0708 
516.797 15.4986 
516.797 15.9265 
516.797 16.3544 
516.797 16.7823 
516.797 17.2101 
516.797 17.638 
516.797 17.5155 
516.797 17.393 
516.797 17.2705 
516.797 17.148 
516.797 17.0255 
516.797 16.903 
516.797 16.7805 
516.797 16.658 
516.797 16.5355 
516.797 16.413 
516.797 16.2905 
516.797 16.168 
516.797 16.0455 
516.797 15.923 
516.797 15.8005 
516.797 15.678 
516.797 16.2747 
516.797 16.8714 
516.797 17.4681 
516.797 18.0648 
516.797 18.6614 
516.797 19.2581 
516.797 19.8548 
516.797 20.4515 
516.797 21.0482 
516.797 21.6449 
516.797 22.2416 
516.797 22.8383 
516.797 23.4349 
516.797 24.0316 
516.797 24.6283 
516.797 25.225 
516.797 24.782 
516.797 24.339 
516.797 23.896 
516.797 23.453 
516.797 23.01 
516.797 22.567 
516.797 22.124 
516.797 21.681 
516.797 21.238 
516.797 20.795 
516.797 20.352 
516.797 19.909 
516.797 19.466 
516.797 19.023 
516.797 18.58 

