516.797 9.203 
516.797 9.384 
516.797 9.565 
516.797 9.746 
516.797 9.927 
516.797 10.108 
516.797 10.289 
516.797 10.47 
516.797 10.651 
516.797 10.832 
516.797 11.013 
516.797 11.194 
516.797 11.375 
516.797 11.556 
516.797 11.737 
516.797 11.918 
516.797 12.099 
516.797 12.3404 
516.797 12.5819 
516.797 12.8233 
516.797 13.0648 
516.797 13.3062 
516.797 13.5476 
516.797 13.7891 
516.797 14.0305 
516.797 14.2719 
516.797 14.5134 
516.797 14.7548 
516.797 14.9962 
516.797 15.2377 
516.797 15.4791 
516.797 15.7206 
516.797 15.962 
516.797 15.9033 
516.797 15.8446 
516.797 15.7859 
516.797 15.7272 
516.797 15.6686 
516.797 15.6099 
516.797 15.5512 
516.797 15.4925 
516.797 15.4338 
516.797 15.3751 
516.797 15.3164 
516.797 15.2577 
516.797 15.1991 
516.797 15.1404 
516.797 15.0817 
516.797 15.023 
516.797 14.8412 
516.797 14.6594 
516.797 14.4776 
516.797 14.2957 
516.797 14.1139 
516.797 13.9321 
516.797 13.7503 
516.797 13.5685 
516.797 13.3867 
516.797 13.2049 
516.797 13.0231 
516.797 12.8413 
516.797 12.6594 
516.797 12.4776 
516.797 12.2958 
516.797 12.114 
516.797 12.5584 
516.797 13.0029 
516.797 13.4473 
516.797 13.8918 
516.797 14.3362 
516.797 14.7806 
516.797 15.2251 
516.797 15.6695 
516.797 16.1139 
516.797 16.5584 
516.797 17.0028 
516.797 17.4473 
516.797 17.8917 
516.797 18.3361 
516.797 18.7806 
516.797 19.225 
516.797 18.9909 
516.797 18.7569 
516.797 18.5228 
516.797 18.2888 
516.797 18.0547 
516.797 17.8206 
516.797 17.5866 
516.797 17.3525 
516.797 17.1184 
516.797 16.8844 
516.797 16.6503 
516.797 16.4163 
516.797 16.1822 
516.797 15.9481 
516.797 15.7141 
516.797 15.48 
516.797 16.0126 
516.797 16.5451 
516.797 17.0777 
516.797 17.6103 
516.797 18.1428 
516.797 18.6754 
516.797 19.2079 
516.797 19.7405 
516.797 20.2731 
516.797 20.8056 
516.797 21.3382 
516.797 21.8708 
516.797 22.4033 
516.797 22.9359 
516.797 23.4684 
516.797 24.001 
516.797 23.7531 
516.797 23.5051 
516.797 23.2572 
516.797 23.0093 
516.797 22.7613 
516.797 22.5134 
516.797 22.2654 
516.797 22.0175 
516.797 21.7696 
516.797 21.5216 
516.797 21.2737 
516.797 21.0257 
516.797 20.7778 
516.797 20.5299 
516.797 20.2819 

