516.797 2.556 
516.797 2.71044 
516.797 2.86488 
516.797 3.01931 
516.797 3.17375 
516.797 3.32819 
516.797 3.48263 
516.797 3.63706 
516.797 3.7915 
516.797 3.94594 
516.797 4.10037 
516.797 4.25481 
516.797 4.40925 
516.797 4.56369 
516.797 4.71813 
516.797 4.87256 
516.797 3.989 
516.797 4.01669 
516.797 4.04437 
516.797 4.07206 
516.797 4.09975 
516.797 4.12744 
516.797 4.15512 
516.797 4.18281 
516.797 4.2105 
516.797 4.23819 
516.797 4.26587 
516.797 4.29356 
516.797 4.32125 
516.797 4.34894 
516.797 4.37662 
516.797 4.40431 
516.797 11.369 
516.797 11.6774 
516.797 11.9859 
516.797 12.2943 
516.797 12.6028 
516.797 12.9112 
516.797 13.2196 
516.797 13.5281 
516.797 13.8365 
516.797 14.1449 
516.797 14.4534 
516.797 14.7618 
516.797 15.0702 
516.797 15.3787 
516.797 15.6871 
516.797 15.9956 
516.797 6.181 
516.797 6.009 
516.797 5.837 
516.797 5.665 
516.797 5.493 
516.797 5.321 
516.797 5.149 
516.797 4.977 
516.797 4.805 
516.797 4.633 
516.797 4.461 
516.797 4.289 
516.797 4.117 
516.797 3.945 
516.797 3.773 
516.797 3.601 
516.797 31.334 
516.797 32.1235 
516.797 32.913 
516.797 33.7025 
516.797 34.492 
516.797 35.2815 
516.797 36.071 
516.797 36.8605 
516.797 37.65 
516.797 38.4395 
516.797 39.229 
516.797 40.0185 
516.797 40.808 
516.797 41.5975 
516.797 42.387 
516.797 43.1765 
516.797 1.613 
516.797 1.27756 
516.797 0.942125 
516.797 0.606687 
516.797 0.27125 
516.797 -0.0641875 
516.797 -0.399625 
516.797 -0.735063 
516.797 -1.0705 
516.797 -1.40594 
516.797 -1.74138 
516.797 -2.07681 
516.797 -2.41225 
516.797 -2.74769 
516.797 -3.08313 
516.797 -3.41856 
516.797 13.842 
516.797 14.6178 
516.797 15.3936 
516.797 16.1694 
516.797 16.9453 
516.797 17.7211 
516.797 18.4969 
516.797 19.2727 
516.797 20.0485 
516.797 20.8243 
516.797 21.6001 
516.797 22.3759 
516.797 23.1517 
516.797 23.9276 
516.797 24.7034 
516.797 25.4792 
516.797 2.739 
516.797 2.54744 
516.797 2.35588 
516.797 2.16431 
516.797 1.97275 
516.797 1.78119 
516.797 1.58963 
516.797 1.39806 
516.797 1.2065 
516.797 1.01494 
516.797 0.823375 
516.797 0.631813 
516.797 0.44025 
516.797 0.248688 
516.797 0.057125 
516.797 -0.134437 

