1248.93 2.468 
1248.93 2.44536 
1248.93 2.42273 
1248.93 2.40009 
1248.93 2.37745 
1248.93 2.35482 
1248.93 2.33218 
1248.93 2.30955 
1248.93 2.28691 
1248.93 2.26427 
1248.93 2.24164 
1248.93 2.219 
1248.93 2.07727 
1248.93 1.93555 
1248.93 1.79382 
1248.93 1.65209 
1248.93 1.51036 
1248.93 1.36864 
1248.93 1.22691 
1248.93 1.08518 
1248.93 0.943455 
1248.93 0.801727 
1248.93 0.66 
1248.93 1.13636 
1248.93 1.61273 
1248.93 2.08909 
1248.93 2.56545 
1248.93 3.04182 
1248.93 3.51818 
1248.93 3.99455 
1248.93 4.47091 
1248.93 4.94727 
1248.93 5.42364 
1248.93 5.9 
1248.93 5.45327 
1248.93 5.00655 
1248.93 4.55982 
1248.93 4.11309 
1248.93 3.66636 
1248.93 3.21964 
1248.93 2.77291 
1248.93 2.32618 
1248.93 1.87945 
1248.93 1.43273 
1248.93 0.986 
1248.93 0.953364 
1248.93 0.920727 
1248.93 0.888091 
1248.93 0.855455 
1248.93 0.822818 
1248.93 0.790182 
1248.93 0.757545 
1248.93 0.724909 
1248.93 0.692273 
1248.93 0.659636 
1248.93 0.627 
1248.93 0.628636 
1248.93 0.630273 
1248.93 0.631909 
1248.93 0.633545 
1248.93 0.635182 
1248.93 0.636818 
1248.93 0.638455 
1248.93 0.640091 
1248.93 0.641727 
1248.93 0.643364 
1248.93 0.645 
1248.93 0.708 
1248.93 0.771 
1248.93 0.834 
1248.93 0.897 
1248.93 0.96 
1248.93 1.023 
1248.93 1.086 
1248.93 1.149 
1248.93 1.212 
1248.93 1.275 
1248.93 1.338 
1248.93 1.31664 
1248.93 1.29527 
1248.93 1.27391 
1248.93 1.25255 
1248.93 1.23118 
1248.93 1.20982 
1248.93 1.18845 
1248.93 1.16709 
1248.93 1.14573 
1248.93 1.12436 

