1248.93 0.744 
1248.93 0.71 
1248.93 0.676 
1248.93 0.642 
1248.93 0.608 
1248.93 0.574 
1248.93 0.54 
1248.93 0.506 
1248.93 0.472 
1248.93 0.438 
1248.93 0.404 
1248.93 0.37 
1248.93 0.417364 
1248.93 0.464727 
1248.93 0.512091 
1248.93 0.559455 
1248.93 0.606818 
1248.93 0.654182 
1248.93 0.701545 
1248.93 0.748909 
1248.93 0.796273 
1248.93 0.843636 
1248.93 0.891 
1248.93 1.14109 
1248.93 1.39118 
1248.93 1.64127 
1248.93 1.89136 
1248.93 2.14145 
1248.93 2.39155 
1248.93 2.64164 
1248.93 2.89173 
1248.93 3.14182 
1248.93 3.39191 
1248.93 3.642 
1248.93 3.41691 
1248.93 3.19182 
1248.93 2.96673 
1248.93 2.74164 
1248.93 2.51655 
1248.93 2.29145 
1248.93 2.06636 
1248.93 1.84127 
1248.93 1.61618 
1248.93 1.39109 
1248.93 1.166 
1248.93 1.13209 
1248.93 1.09818 
1248.93 1.06427 
1248.93 1.03036 
1248.93 0.996455 
1248.93 0.962545 
1248.93 0.928636 
1248.93 0.894727 
1248.93 0.860818 
1248.93 0.826909 
1248.93 0.793 
1248.93 0.791818 
1248.93 0.790636 
1248.93 0.789455 
1248.93 0.788273 
1248.93 0.787091 
1248.93 0.785909 
1248.93 0.784727 
1248.93 0.783545 
1248.93 0.782364 
1248.93 0.781182 
1248.93 0.78 
1248.93 0.793455 
1248.93 0.806909 
1248.93 0.820364 
1248.93 0.833818 
1248.93 0.847273 
1248.93 0.860727 
1248.93 0.874182 
1248.93 0.887636 
1248.93 0.901091 
1248.93 0.914545 
1248.93 0.928 
1248.93 0.950091 
1248.93 0.972182 
1248.93 0.994273 
1248.93 1.01636 
1248.93 1.03845 
1248.93 1.06055 
1248.93 1.08264 
1248.93 1.10473 
1248.93 1.12682 
1248.93 1.14891 

