1248.93 2.209 
1248.93 2.08145 
1248.93 1.95391 
1248.93 1.82636 
1248.93 1.69882 
1248.93 1.57127 
1248.93 1.44373 
1248.93 1.31618 
1248.93 1.18864 
1248.93 1.06109 
1248.93 0.933545 
1248.93 0.806 
1248.93 0.845091 
1248.93 0.884182 
1248.93 0.923273 
1248.93 0.962364 
1248.93 1.00145 
1248.93 1.04055 
1248.93 1.07964 
1248.93 1.11873 
1248.93 1.15782 
1248.93 1.19691 
1248.93 1.236 
1248.93 1.56973 
1248.93 1.90345 
1248.93 2.23718 
1248.93 2.57091 
1248.93 2.90464 
1248.93 3.23836 
1248.93 3.57209 
1248.93 3.90582 
1248.93 4.23955 
1248.93 4.57327 
1248.93 4.907 
1248.93 4.62791 
1248.93 4.34882 
1248.93 4.06973 
1248.93 3.79064 
1248.93 3.51155 
1248.93 3.23245 
1248.93 2.95336 
1248.93 2.67427 
1248.93 2.39518 
1248.93 2.11609 
1248.93 1.837 
1248.93 1.72636 
1248.93 1.61573 
1248.93 1.50509 
1248.93 1.39445 
1248.93 1.28382 
1248.93 1.17318 
1248.93 1.06255 
1248.93 0.951909 
1248.93 0.841273 
1248.93 0.730636 
1248.93 0.62 
1248.93 0.582727 
1248.93 0.545455 
1248.93 0.508182 
1248.93 0.470909 
1248.93 0.433636 
1248.93 0.396364 
1248.93 0.359091 
1248.93 0.321818 
1248.93 0.284545 
1248.93 0.247273 
1248.93 0.21 
1248.93 0.290455 
1248.93 0.370909 
1248.93 0.451364 
1248.93 0.531818 
1248.93 0.612273 
1248.93 0.692727 
1248.93 0.773182 
1248.93 0.853636 
1248.93 0.934091 
1248.93 1.01455 
1248.93 1.095 
1248.93 1.092 
1248.93 1.089 
1248.93 1.086 
1248.93 1.083 
1248.93 1.08 
1248.93 1.077 
1248.93 1.074 
1248.93 1.071 
1248.93 1.068 
1248.93 1.065 

