1248.93 1.333 
1248.93 1.25455 
1248.93 1.17609 
1248.93 1.09764 
1248.93 1.01918 
1248.93 0.940727 
1248.93 0.862273 
1248.93 0.783818 
1248.93 0.705364 
1248.93 0.626909 
1248.93 0.548455 
1248.93 0.47 
1248.93 0.499273 
1248.93 0.528545 
1248.93 0.557818 
1248.93 0.587091 
1248.93 0.616364 
1248.93 0.645636 
1248.93 0.674909 
1248.93 0.704182 
1248.93 0.733455 
1248.93 0.762727 
1248.93 0.792 
1248.93 1.20809 
1248.93 1.62418 
1248.93 2.04027 
1248.93 2.45636 
1248.93 2.87245 
1248.93 3.28855 
1248.93 3.70464 
1248.93 4.12073 
1248.93 4.53682 
1248.93 4.95291 
1248.93 5.369 
1248.93 5.00345 
1248.93 4.63791 
1248.93 4.27236 
1248.93 3.90682 
1248.93 3.54127 
1248.93 3.17573 
1248.93 2.81018 
1248.93 2.44464 
1248.93 2.07909 
1248.93 1.71355 
1248.93 1.348 
1248.93 1.28836 
1248.93 1.22873 
1248.93 1.16909 
1248.93 1.10945 
1248.93 1.04982 
1248.93 0.990182 
1248.93 0.930545 
1248.93 0.870909 
1248.93 0.811273 
1248.93 0.751636 
1248.93 0.692 
1248.93 0.663818 
1248.93 0.635636 
1248.93 0.607455 
1248.93 0.579273 
1248.93 0.551091 
1248.93 0.522909 
1248.93 0.494727 
1248.93 0.466545 
1248.93 0.438364 
1248.93 0.410182 
1248.93 0.382 
1248.93 0.428273 
1248.93 0.474545 
1248.93 0.520818 
1248.93 0.567091 
1248.93 0.613364 
1248.93 0.659636 
1248.93 0.705909 
1248.93 0.752182 
1248.93 0.798455 
1248.93 0.844727 
1248.93 0.891 
1248.93 0.904636 
1248.93 0.918273 
1248.93 0.931909 
1248.93 0.945545 
1248.93 0.959182 
1248.93 0.972818 
1248.93 0.986455 
1248.93 1.00009 
1248.93 1.01373 
1248.93 1.02736 

