1248.93 2.848 
1248.93 2.70691 
1248.93 2.56582 
1248.93 2.42473 
1248.93 2.28364 
1248.93 2.14255 
1248.93 2.00145 
1248.93 1.86036 
1248.93 1.71927 
1248.93 1.57818 
1248.93 1.43709 
1248.93 1.296 
1248.93 1.30764 
1248.93 1.31927 
1248.93 1.33091 
1248.93 1.34255 
1248.93 1.35418 
1248.93 1.36582 
1248.93 1.37745 
1248.93 1.38909 
1248.93 1.40073 
1248.93 1.41236 
1248.93 1.424 
1248.93 1.71627 
1248.93 2.00855 
1248.93 2.30082 
1248.93 2.59309 
1248.93 2.88536 
1248.93 3.17764 
1248.93 3.46991 
1248.93 3.76218 
1248.93 4.05445 
1248.93 4.34673 
1248.93 4.639 
1248.93 4.34382 
1248.93 4.04864 
1248.93 3.75345 
1248.93 3.45827 
1248.93 3.16309 
1248.93 2.86791 
1248.93 2.57273 
1248.93 2.27755 
1248.93 1.98236 
1248.93 1.68718 
1248.93 1.392 
1248.93 1.31773 
1248.93 1.24345 
1248.93 1.16918 
1248.93 1.09491 
1248.93 1.02064 
1248.93 0.946364 
1248.93 0.872091 
1248.93 0.797818 
1248.93 0.723545 
1248.93 0.649273 
1248.93 0.575 
1248.93 0.537 
1248.93 0.499 
1248.93 0.461 
1248.93 0.423 
1248.93 0.385 
1248.93 0.347 
1248.93 0.309 
1248.93 0.271 
1248.93 0.233 
1248.93 0.195 
1248.93 0.157 
1248.93 0.228909 
1248.93 0.300818 
1248.93 0.372727 
1248.93 0.444636 
1248.93 0.516545 
1248.93 0.588455 
1248.93 0.660364 
1248.93 0.732273 
1248.93 0.804182 
1248.93 0.876091 
1248.93 0.948 
1248.93 0.970182 
1248.93 0.992364 
1248.93 1.01455 
1248.93 1.03673 
1248.93 1.05891 
1248.93 1.08109 
1248.93 1.10327 
1248.93 1.12545 
1248.93 1.14764 
1248.93 1.16982 

