1248.93 0.75 
1248.93 0.751273 
1248.93 0.752545 
1248.93 0.753818 
1248.93 0.755091 
1248.93 0.756364 
1248.93 0.757636 
1248.93 0.758909 
1248.93 0.760182 
1248.93 0.761455 
1248.93 0.762727 
1248.93 0.764 
1248.93 0.745 
1248.93 0.726 
1248.93 0.707 
1248.93 0.688 
1248.93 0.669 
1248.93 0.65 
1248.93 0.631 
1248.93 0.612 
1248.93 0.593 
1248.93 0.574 
1248.93 0.555 
1248.93 0.953636 
1248.93 1.35227 
1248.93 1.75091 
1248.93 2.14955 
1248.93 2.54818 
1248.93 2.94682 
1248.93 3.34545 
1248.93 3.74409 
1248.93 4.14273 
1248.93 4.54136 
1248.93 4.94 
1248.93 4.61318 
1248.93 4.28636 
1248.93 3.95955 
1248.93 3.63273 
1248.93 3.30591 
1248.93 2.97909 
1248.93 2.65227 
1248.93 2.32545 
1248.93 1.99864 
1248.93 1.67182 
1248.93 1.345 
1248.93 1.28409 
1248.93 1.22318 
1248.93 1.16227 
1248.93 1.10136 
1248.93 1.04045 
1248.93 0.979545 
1248.93 0.918636 
1248.93 0.857727 
1248.93 0.796818 
1248.93 0.735909 
1248.93 0.675 
1248.93 0.634273 
1248.93 0.593545 
1248.93 0.552818 
1248.93 0.512091 
1248.93 0.471364 
1248.93 0.430636 
1248.93 0.389909 
1248.93 0.349182 
1248.93 0.308455 
1248.93 0.267727 
1248.93 0.227 
1248.93 0.288182 
1248.93 0.349364 
1248.93 0.410545 
1248.93 0.471727 
1248.93 0.532909 
1248.93 0.594091 
1248.93 0.655273 
1248.93 0.716455 
1248.93 0.777636 
1248.93 0.838818 
1248.93 0.9 
1248.93 0.913818 
1248.93 0.927636 
1248.93 0.941455 
1248.93 0.955273 
1248.93 0.969091 
1248.93 0.982909 
1248.93 0.996727 
1248.93 1.01055 
1248.93 1.02436 
1248.93 1.03818 

