1248.93 0.437 
1248.93 0.436364 
1248.93 0.435727 
1248.93 0.435091 
1248.93 0.434455 
1248.93 0.433818 
1248.93 0.433182 
1248.93 0.432545 
1248.93 0.431909 
1248.93 0.431273 
1248.93 0.430636 
1248.93 0.43 
1248.93 0.452455 
1248.93 0.474909 
1248.93 0.497364 
1248.93 0.519818 
1248.93 0.542273 
1248.93 0.564727 
1248.93 0.587182 
1248.93 0.609636 
1248.93 0.632091 
1248.93 0.654545 
1248.93 0.677 
1248.93 1.01336 
1248.93 1.34973 
1248.93 1.68609 
1248.93 2.02245 
1248.93 2.35882 
1248.93 2.69518 
1248.93 3.03155 
1248.93 3.36791 
1248.93 3.70427 
1248.93 4.04064 
1248.93 4.377 
1248.93 4.09718 
1248.93 3.81736 
1248.93 3.53755 
1248.93 3.25773 
1248.93 2.97791 
1248.93 2.69809 
1248.93 2.41827 
1248.93 2.13845 
1248.93 1.85864 
1248.93 1.57882 
1248.93 1.299 
1248.93 1.243 
1248.93 1.187 
1248.93 1.131 
1248.93 1.075 
1248.93 1.019 
1248.93 0.963 
1248.93 0.907 
1248.93 0.851 
1248.93 0.795 
1248.93 0.739 
1248.93 0.683 
1248.93 0.656 
1248.93 0.629 
1248.93 0.602 
1248.93 0.575 
1248.93 0.548 
1248.93 0.521 
1248.93 0.494 
1248.93 0.467 
1248.93 0.44 
1248.93 0.413 
1248.93 0.386 
1248.93 0.439455 
1248.93 0.492909 
1248.93 0.546364 
1248.93 0.599818 
1248.93 0.653273 
1248.93 0.706727 
1248.93 0.760182 
1248.93 0.813636 
1248.93 0.867091 
1248.93 0.920545 
1248.93 0.974 
1248.93 0.990091 
1248.93 1.00618 
1248.93 1.02227 
1248.93 1.03836 
1248.93 1.05445 
1248.93 1.07055 
1248.93 1.08664 
1248.93 1.10273 
1248.93 1.11882 
1248.93 1.13491 

