1248.93 1.429 
1248.93 1.339 
1248.93 1.249 
1248.93 1.159 
1248.93 1.069 
1248.93 0.979 
1248.93 0.889 
1248.93 0.799 
1248.93 0.709 
1248.93 0.619 
1248.93 0.529 
1248.93 0.439 
1248.93 0.550727 
1248.93 0.662455 
1248.93 0.774182 
1248.93 0.885909 
1248.93 0.997636 
1248.93 1.10936 
1248.93 1.22109 
1248.93 1.33282 
1248.93 1.44455 
1248.93 1.55627 
1248.93 1.668 
1248.93 1.98936 
1248.93 2.31073 
1248.93 2.63209 
1248.93 2.95345 
1248.93 3.27482 
1248.93 3.59618 
1248.93 3.91755 
1248.93 4.23891 
1248.93 4.56027 
1248.93 4.88164 
1248.93 5.203 
1248.93 4.84491 
1248.93 4.48682 
1248.93 4.12873 
1248.93 3.77064 
1248.93 3.41255 
1248.93 3.05445 
1248.93 2.69636 
1248.93 2.33827 
1248.93 1.98018 
1248.93 1.62209 
1248.93 1.264 
1248.93 1.19255 
1248.93 1.12109 
1248.93 1.04964 
1248.93 0.978182 
1248.93 0.906727 
1248.93 0.835273 
1248.93 0.763818 
1248.93 0.692364 
1248.93 0.620909 
1248.93 0.549455 
1248.93 0.478 
1248.93 0.483636 
1248.93 0.489273 
1248.93 0.494909 
1248.93 0.500545 
1248.93 0.506182 
1248.93 0.511818 
1248.93 0.517455 
1248.93 0.523091 
1248.93 0.528727 
1248.93 0.534364 
1248.93 0.54 
1248.93 0.585091 
1248.93 0.630182 
1248.93 0.675273 
1248.93 0.720364 
1248.93 0.765455 
1248.93 0.810545 
1248.93 0.855636 
1248.93 0.900727 
1248.93 0.945818 
1248.93 0.990909 
1248.93 1.036 
1248.93 1.04518 
1248.93 1.05436 
1248.93 1.06355 
1248.93 1.07273 
1248.93 1.08191 
1248.93 1.09109 
1248.93 1.10027 
1248.93 1.10945 
1248.93 1.11864 
1248.93 1.12782 

