1248.93 2.206 
1248.93 2.10255 
1248.93 1.99909 
1248.93 1.89564 
1248.93 1.79218 
1248.93 1.68873 
1248.93 1.58527 
1248.93 1.48182 
1248.93 1.37836 
1248.93 1.27491 
1248.93 1.17145 
1248.93 1.068 
1248.93 1.03427 
1248.93 1.00055 
1248.93 0.966818 
1248.93 0.933091 
1248.93 0.899364 
1248.93 0.865636 
1248.93 0.831909 
1248.93 0.798182 
1248.93 0.764455 
1248.93 0.730727 
1248.93 0.697 
1248.93 1.08273 
1248.93 1.46845 
1248.93 1.85418 
1248.93 2.23991 
1248.93 2.62564 
1248.93 3.01136 
1248.93 3.39709 
1248.93 3.78282 
1248.93 4.16855 
1248.93 4.55427 
1248.93 4.94 
1248.93 4.58882 
1248.93 4.23764 
1248.93 3.88645 
1248.93 3.53527 
1248.93 3.18409 
1248.93 2.83291 
1248.93 2.48173 
1248.93 2.13055 
1248.93 1.77936 
1248.93 1.42818 
1248.93 1.077 
1248.93 1.02618 
1248.93 0.975364 
1248.93 0.924545 
1248.93 0.873727 
1248.93 0.822909 
1248.93 0.772091 
1248.93 0.721273 
1248.93 0.670455 
1248.93 0.619636 
1248.93 0.568818 
1248.93 0.518 
1248.93 0.482364 
1248.93 0.446727 
1248.93 0.411091 
1248.93 0.375455 
1248.93 0.339818 
1248.93 0.304182 
1248.93 0.268545 
1248.93 0.232909 
1248.93 0.197273 
1248.93 0.161636 
1248.93 0.126 
1248.93 0.232 
1248.93 0.338 
1248.93 0.444 
1248.93 0.55 
1248.93 0.656 
1248.93 0.762 
1248.93 0.868 
1248.93 0.974 
1248.93 1.08 
1248.93 1.186 
1248.93 1.292 
1248.93 1.28845 
1248.93 1.28491 
1248.93 1.28136 
1248.93 1.27782 
1248.93 1.27427 
1248.93 1.27073 
1248.93 1.26718 
1248.93 1.26364 
1248.93 1.26009 
1248.93 1.25655 

