1248.93 1.429 
1248.93 1.42712 
1248.93 1.42525 
1248.93 1.42338 
1248.93 1.4215 
1248.93 1.41963 
1248.93 1.41775 
1248.93 1.41587 
1248.93 1.414 
1248.93 1.41213 
1248.93 1.41025 
1248.93 1.40837 
1248.93 1.4065 
1248.93 1.40463 
1248.93 1.40275 
1248.93 1.40088 
1248.93 0.439 
1248.93 0.474125 
1248.93 0.50925 
1248.93 0.544375 
1248.93 0.5795 
1248.93 0.614625 
1248.93 0.64975 
1248.93 0.684875 
1248.93 0.72 
1248.93 0.755125 
1248.93 0.79025 
1248.93 0.825375 
1248.93 0.8605 
1248.93 0.895625 
1248.93 0.93075 
1248.93 0.965875 
1248.93 1.668 
1248.93 1.68344 
1248.93 1.69887 
1248.93 1.71431 
1248.93 1.72975 
1248.93 1.74519 
1248.93 1.76062 
1248.93 1.77606 
1248.93 1.7915 
1248.93 1.80694 
1248.93 1.82238 
1248.93 1.83781 
1248.93 1.85325 
1248.93 1.86869 
1248.93 1.88413 
1248.93 1.89956 
1248.93 5.203 
1248.93 5.24025 
1248.93 5.2775 
1248.93 5.31475 
1248.93 5.352 
1248.93 5.38925 
1248.93 5.4265 
1248.93 5.46375 
1248.93 5.501 
1248.93 5.53825 
1248.93 5.5755 
1248.93 5.61275 
1248.93 5.65 
1248.93 5.68725 
1248.93 5.7245 
1248.93 5.76175 
1248.93 1.264 
1248.93 1.3355 
1248.93 1.407 
1248.93 1.4785 
1248.93 1.55 
1248.93 1.6215 
1248.93 1.693 
1248.93 1.7645 
1248.93 1.836 
1248.93 1.9075 
1248.93 1.979 
1248.93 2.0505 
1248.93 2.122 
1248.93 2.1935 
1248.93 2.265 
1248.93 2.3365 
1248.93 0.478 
1248.93 0.303812 
1248.93 0.129625 
1248.93 -0.0445625 
1248.93 -0.21875 
1248.93 -0.392937 
1248.93 -0.567125 
1248.93 -0.741313 
1248.93 -0.9155 
1248.93 -1.08969 
1248.93 -1.26387 
1248.93 -1.43806 
1248.93 -1.61225 
1248.93 -1.78644 
1248.93 -1.96063 
1248.93 -2.13481 
1248.93 0.54 
1248.93 0.578875 
1248.93 0.61775 
1248.93 0.656625 
1248.93 0.6955 
1248.93 0.734375 
1248.93 0.77325 
1248.93 0.812125 
1248.93 0.851 
1248.93 0.889875 
1248.93 0.92875 
1248.93 0.967625 
1248.93 1.0065 
1248.93 1.04537 
1248.93 1.08425 
1248.93 1.12312 
1248.93 1.036 
1248.93 1.09481 
1248.93 1.15363 
1248.93 1.21244 
1248.93 1.27125 
1248.93 1.33006 
1248.93 1.38888 
1248.93 1.44769 
1248.93 1.5065 
1248.93 1.56531 
1248.93 1.62413 
1248.93 1.68294 
1248.93 1.74175 
1248.93 1.80056 
1248.93 1.85938 
1248.93 1.91819 

