1248.93 0.76 
1248.93 0.729625 
1248.93 0.69925 
1248.93 0.668875 
1248.93 0.6385 
1248.93 0.608125 
1248.93 0.57775 
1248.93 0.547375 
1248.93 0.517 
1248.93 0.486625 
1248.93 0.45625 
1248.93 0.425875 
1248.93 0.3955 
1248.93 0.365125 
1248.93 0.33475 
1248.93 0.304375 
1248.93 0.274 
1248.93 0.358813 
1248.93 0.443625 
1248.93 0.528438 
1248.93 0.61325 
1248.93 0.698063 
1248.93 0.782875 
1248.93 0.867688 
1248.93 0.9525 
1248.93 1.03731 
1248.93 1.12213 
1248.93 1.20694 
1248.93 1.29175 
1248.93 1.37656 
1248.93 1.46138 
1248.93 1.54619 
1248.93 1.631 
1248.93 1.63194 
1248.93 1.63288 
1248.93 1.63381 
1248.93 1.63475 
1248.93 1.63569 
1248.93 1.63662 
1248.93 1.63756 
1248.93 1.6385 
1248.93 1.63944 
1248.93 1.64037 
1248.93 1.64131 
1248.93 1.64225 
1248.93 1.64319 
1248.93 1.64412 
1248.93 1.64506 
1248.93 1.646 
1248.93 1.68237 
1248.93 1.71875 
1248.93 1.75513 
1248.93 1.7915 
1248.93 1.82787 
1248.93 1.86425 
1248.93 1.90063 
1248.93 1.937 
1248.93 1.97338 
1248.93 2.00975 
1248.93 2.04612 
1248.93 2.0825 
1248.93 2.11888 
1248.93 2.15525 
1248.93 2.19163 
1248.93 2.228 
1248.93 2.30788 
1248.93 2.38775 
1248.93 2.46762 
1248.93 2.5475 
1248.93 2.62738 
1248.93 2.70725 
1248.93 2.78713 
1248.93 2.867 
1248.93 2.94687 
1248.93 3.02675 
1248.93 3.10663 
1248.93 3.1865 
1248.93 3.26638 
1248.93 3.34625 
1248.93 3.42612 
1248.93 3.506 
1248.93 3.3445 
1248.93 3.183 
1248.93 3.0215 
1248.93 2.86 
1248.93 2.6985 
1248.93 2.537 
1248.93 2.3755 
1248.93 2.214 
1248.93 2.0525 
1248.93 1.891 
1248.93 1.7295 
1248.93 1.568 
1248.93 1.4065 
1248.93 1.245 
1248.93 1.0835 
1248.93 0.922 
1248.93 0.9045 
1248.93 0.887 
1248.93 0.8695 
1248.93 0.852 
1248.93 0.8345 
1248.93 0.817 
1248.93 0.7995 
1248.93 0.782 
1248.93 0.7645 
1248.93 0.747 
1248.93 0.7295 
1248.93 0.712 
1248.93 0.6945 
1248.93 0.677 
1248.93 0.6595 
1248.93 0.642 
1248.93 0.694438 
1248.93 0.746875 
1248.93 0.799313 
1248.93 0.85175 
1248.93 0.904188 
1248.93 0.956625 
1248.93 1.00906 
1248.93 1.0615 
1248.93 1.11394 
1248.93 1.16637 
1248.93 1.21881 
1248.93 1.27125 
1248.93 1.32369 
1248.93 1.37613 
1248.93 1.42856 

