1248.93 0.437 
1248.93 0.440812 
1248.93 0.444625 
1248.93 0.448437 
1248.93 0.45225 
1248.93 0.456062 
1248.93 0.459875 
1248.93 0.463687 
1248.93 0.4675 
1248.93 0.471313 
1248.93 0.475125 
1248.93 0.478938 
1248.93 0.48275 
1248.93 0.486563 
1248.93 0.490375 
1248.93 0.494188 
1248.93 0.43 
1248.93 0.4545 
1248.93 0.479 
1248.93 0.5035 
1248.93 0.528 
1248.93 0.5525 
1248.93 0.577 
1248.93 0.6015 
1248.93 0.626 
1248.93 0.6505 
1248.93 0.675 
1248.93 0.6995 
1248.93 0.724 
1248.93 0.7485 
1248.93 0.773 
1248.93 0.7975 
1248.93 0.677 
1248.93 0.746875 
1248.93 0.81675 
1248.93 0.886625 
1248.93 0.9565 
1248.93 1.02638 
1248.93 1.09625 
1248.93 1.16613 
1248.93 1.236 
1248.93 1.30587 
1248.93 1.37575 
1248.93 1.44562 
1248.93 1.5155 
1248.93 1.58537 
1248.93 1.65525 
1248.93 1.72513 
1248.93 4.377 
1248.93 4.39844 
1248.93 4.41988 
1248.93 4.44131 
1248.93 4.46275 
1248.93 4.48419 
1248.93 4.50563 
1248.93 4.52706 
1248.93 4.5485 
1248.93 4.56994 
1248.93 4.59138 
1248.93 4.61281 
1248.93 4.63425 
1248.93 4.65569 
1248.93 4.67713 
1248.93 4.69856 
1248.93 1.299 
1248.93 1.28944 
1248.93 1.27987 
1248.93 1.27031 
1248.93 1.26075 
1248.93 1.25119 
1248.93 1.24162 
1248.93 1.23206 
1248.93 1.2225 
1248.93 1.21294 
1248.93 1.20337 
1248.93 1.19381 
1248.93 1.18425 
1248.93 1.17469 
1248.93 1.16512 
1248.93 1.15556 
1248.93 0.683 
1248.93 0.628 
1248.93 0.573 
1248.93 0.518 
1248.93 0.463 
1248.93 0.408 
1248.93 0.353 
1248.93 0.298 
1248.93 0.243 
1248.93 0.188 
1248.93 0.133 
1248.93 0.078 
1248.93 0.023 
1248.93 -0.032 
1248.93 -0.087 
1248.93 -0.142 
1248.93 0.386 
1248.93 0.358875 
1248.93 0.33175 
1248.93 0.304625 
1248.93 0.2775 
1248.93 0.250375 
1248.93 0.22325 
1248.93 0.196125 
1248.93 0.169 
1248.93 0.141875 
1248.93 0.11475 
1248.93 0.087625 
1248.93 0.0605 
1248.93 0.033375 
1248.93 0.00625 
1248.93 -0.020875 
1248.93 0.974 
1248.93 1.01287 
1248.93 1.05175 
1248.93 1.09062 
1248.93 1.1295 
1248.93 1.16837 
1248.93 1.20725 
1248.93 1.24612 
1248.93 1.285 
1248.93 1.32387 
1248.93 1.36275 
1248.93 1.40162 
1248.93 1.4405 
1248.93 1.47938 
1248.93 1.51825 
1248.93 1.55713 

