1248.93 1.333 
1248.93 1.30481 
1248.93 1.27662 
1248.93 1.24844 
1248.93 1.22025 
1248.93 1.19206 
1248.93 1.16387 
1248.93 1.13569 
1248.93 1.1075 
1248.93 1.07931 
1248.93 1.05112 
1248.93 1.02294 
1248.93 0.99475 
1248.93 0.966562 
1248.93 0.938375 
1248.93 0.910187 
1248.93 0.47 
1248.93 0.528062 
1248.93 0.586125 
1248.93 0.644187 
1248.93 0.70225 
1248.93 0.760312 
1248.93 0.818375 
1248.93 0.876437 
1248.93 0.9345 
1248.93 0.992562 
1248.93 1.05062 
1248.93 1.10869 
1248.93 1.16675 
1248.93 1.22481 
1248.93 1.28287 
1248.93 1.34094 
1248.93 0.792 
1248.93 0.837625 
1248.93 0.88325 
1248.93 0.928875 
1248.93 0.9745 
1248.93 1.02012 
1248.93 1.06575 
1248.93 1.11138 
1248.93 1.157 
1248.93 1.20263 
1248.93 1.24825 
1248.93 1.29387 
1248.93 1.3395 
1248.93 1.38512 
1248.93 1.43075 
1248.93 1.47637 
1248.93 5.369 
1248.93 5.39462 
1248.93 5.42025 
1248.93 5.44588 
1248.93 5.4715 
1248.93 5.49712 
1248.93 5.52275 
1248.93 5.54838 
1248.93 5.574 
1248.93 5.59962 
1248.93 5.62525 
1248.93 5.65088 
1248.93 5.6765 
1248.93 5.70212 
1248.93 5.72775 
1248.93 5.75338 
1248.93 1.348 
1248.93 1.39406 
1248.93 1.44013 
1248.93 1.48619 
1248.93 1.53225 
1248.93 1.57831 
1248.93 1.62438 
1248.93 1.67044 
1248.93 1.7165 
1248.93 1.76256 
1248.93 1.80863 
1248.93 1.85469 
1248.93 1.90075 
1248.93 1.94681 
1248.93 1.99288 
1248.93 2.03894 
1248.93 0.692 
1248.93 0.534 
1248.93 0.376 
1248.93 0.218 
1248.93 0.06 
1248.93 -0.098 
1248.93 -0.256 
1248.93 -0.414 
1248.93 -0.572 
1248.93 -0.73 
1248.93 -0.888 
1248.93 -1.046 
1248.93 -1.204 
1248.93 -1.362 
1248.93 -1.52 
1248.93 -1.678 
1248.93 0.382 
1248.93 0.43725 
1248.93 0.4925 
1248.93 0.54775 
1248.93 0.603 
1248.93 0.65825 
1248.93 0.7135 
1248.93 0.76875 
1248.93 0.824 
1248.93 0.87925 
1248.93 0.9345 
1248.93 0.98975 
1248.93 1.045 
1248.93 1.10025 
1248.93 1.1555 
1248.93 1.21075 
1248.93 0.891 
1248.93 0.9325 
1248.93 0.974 
1248.93 1.0155 
1248.93 1.057 
1248.93 1.0985 
1248.93 1.14 
1248.93 1.1815 
1248.93 1.223 
1248.93 1.2645 
1248.93 1.306 
1248.93 1.3475 
1248.93 1.389 
1248.93 1.4305 
1248.93 1.472 
1248.93 1.5135 

