1248.93 1.756 
1248.93 1.73531 
1248.93 1.71463 
1248.93 1.69394 
1248.93 1.67325 
1248.93 1.65256 
1248.93 1.63187 
1248.93 1.61119 
1248.93 1.5905 
1248.93 1.56981 
1248.93 1.54913 
1248.93 1.52844 
1248.93 1.50775 
1248.93 1.48706 
1248.93 1.46637 
1248.93 1.44569 
1248.93 0.662 
1248.93 0.710313 
1248.93 0.758625 
1248.93 0.806938 
1248.93 0.85525 
1248.93 0.903563 
1248.93 0.951875 
1248.93 1.00019 
1248.93 1.0485 
1248.93 1.09681 
1248.93 1.14513 
1248.93 1.19344 
1248.93 1.24175 
1248.93 1.29006 
1248.93 1.33838 
1248.93 1.38669 
1248.93 0.87 
1248.93 0.897 
1248.93 0.924 
1248.93 0.951 
1248.93 0.978 
1248.93 1.005 
1248.93 1.032 
1248.93 1.059 
1248.93 1.086 
1248.93 1.113 
1248.93 1.14 
1248.93 1.167 
1248.93 1.194 
1248.93 1.221 
1248.93 1.248 
1248.93 1.275 
1248.93 5.691 
1248.93 5.74919 
1248.93 5.80737 
1248.93 5.86556 
1248.93 5.92375 
1248.93 5.98194 
1248.93 6.04012 
1248.93 6.09831 
1248.93 6.1565 
1248.93 6.21469 
1248.93 6.27287 
1248.93 6.33106 
1248.93 6.38925 
1248.93 6.44744 
1248.93 6.50563 
1248.93 6.56381 
1248.93 1.382 
1248.93 1.43406 
1248.93 1.48612 
1248.93 1.53819 
1248.93 1.59025 
1248.93 1.64231 
1248.93 1.69437 
1248.93 1.74644 
1248.93 1.7985 
1248.93 1.85056 
1248.93 1.90262 
1248.93 1.95469 
1248.93 2.00675 
1248.93 2.05881 
1248.93 2.11087 
1248.93 2.16294 
1248.93 0.66 
1248.93 0.495313 
1248.93 0.330625 
1248.93 0.165938 
1248.93 0.00125 
1248.93 -0.163437 
1248.93 -0.328125 
1248.93 -0.492812 
1248.93 -0.6575 
1248.93 -0.822187 
1248.93 -0.986875 
1248.93 -1.15156 
1248.93 -1.31625 
1248.93 -1.48094 
1248.93 -1.64562 
1248.93 -1.81031 
1248.93 0.719 
1248.93 0.761125 
1248.93 0.80325 
1248.93 0.845375 
1248.93 0.8875 
1248.93 0.929625 
1248.93 0.97175 
1248.93 1.01388 
1248.93 1.056 
1248.93 1.09813 
1248.93 1.14025 
1248.93 1.18237 
1248.93 1.2245 
1248.93 1.26662 
1248.93 1.30875 
1248.93 1.35087 
1248.93 0.765 
1248.93 0.781 
1248.93 0.797 
1248.93 0.813 
1248.93 0.829 
1248.93 0.845 
1248.93 0.861 
1248.93 0.877 
1248.93 0.893 
1248.93 0.909 
1248.93 0.925 
1248.93 0.941 
1248.93 0.957 
1248.93 0.973 
1248.93 0.989 
1248.93 1.005 

