1248.93 0.744 
1248.93 0.75725 
1248.93 0.7705 
1248.93 0.78375 
1248.93 0.797 
1248.93 0.81025 
1248.93 0.8235 
1248.93 0.83675 
1248.93 0.85 
1248.93 0.86325 
1248.93 0.8765 
1248.93 0.88975 
1248.93 0.903 
1248.93 0.91625 
1248.93 0.9295 
1248.93 0.94275 
1248.93 0.37 
1248.93 0.378062 
1248.93 0.386125 
1248.93 0.394188 
1248.93 0.40225 
1248.93 0.410312 
1248.93 0.418375 
1248.93 0.426438 
1248.93 0.4345 
1248.93 0.442562 
1248.93 0.450625 
1248.93 0.458688 
1248.93 0.46675 
1248.93 0.474812 
1248.93 0.482875 
1248.93 0.490938 
1248.93 0.891 
1248.93 0.95925 
1248.93 1.0275 
1248.93 1.09575 
1248.93 1.164 
1248.93 1.23225 
1248.93 1.3005 
1248.93 1.36875 
1248.93 1.437 
1248.93 1.50525 
1248.93 1.5735 
1248.93 1.64175 
1248.93 1.71 
1248.93 1.77825 
1248.93 1.8465 
1248.93 1.91475 
1248.93 3.642 
1248.93 3.67569 
1248.93 3.70938 
1248.93 3.74306 
1248.93 3.77675 
1248.93 3.81044 
1248.93 3.84413 
1248.93 3.87781 
1248.93 3.9115 
1248.93 3.94519 
1248.93 3.97887 
1248.93 4.01256 
1248.93 4.04625 
1248.93 4.07994 
1248.93 4.11362 
1248.93 4.14731 
1248.93 1.166 
1248.93 1.16094 
1248.93 1.15587 
1248.93 1.15081 
1248.93 1.14575 
1248.93 1.14069 
1248.93 1.13562 
1248.93 1.13056 
1248.93 1.1255 
1248.93 1.12044 
1248.93 1.11538 
1248.93 1.11031 
1248.93 1.10525 
1248.93 1.10019 
1248.93 1.09512 
1248.93 1.09006 
1248.93 0.793 
1248.93 0.688813 
1248.93 0.584625 
1248.93 0.480438 
1248.93 0.37625 
1248.93 0.272063 
1248.93 0.167875 
1248.93 0.0636875 
1248.93 -0.0405 
1248.93 -0.144687 
1248.93 -0.248875 
1248.93 -0.353062 
1248.93 -0.45725 
1248.93 -0.561437 
1248.93 -0.665625 
1248.93 -0.769812 
1248.93 0.78 
1248.93 0.792312 
1248.93 0.804625 
1248.93 0.816937 
1248.93 0.82925 
1248.93 0.841562 
1248.93 0.853875 
1248.93 0.866187 
1248.93 0.8785 
1248.93 0.890813 
1248.93 0.903125 
1248.93 0.915438 
1248.93 0.92775 
1248.93 0.940063 
1248.93 0.952375 
1248.93 0.964687 
1248.93 0.928 
1248.93 0.980313 
1248.93 1.03263 
1248.93 1.08494 
1248.93 1.13725 
1248.93 1.18956 
1248.93 1.24188 
1248.93 1.29419 
1248.93 1.3465 
1248.93 1.39881 
1248.93 1.45112 
1248.93 1.50344 
1248.93 1.55575 
1248.93 1.60806 
1248.93 1.66038 
1248.93 1.71269 

