1248.93 0.783 
1248.93 0.765563 
1248.93 0.748125 
1248.93 0.730688 
1248.93 0.71325 
1248.93 0.695813 
1248.93 0.678375 
1248.93 0.660937 
1248.93 0.6435 
1248.93 0.626062 
1248.93 0.608625 
1248.93 0.591187 
1248.93 0.57375 
1248.93 0.556312 
1248.93 0.538875 
1248.93 0.521437 
1248.93 0.504 
1248.93 0.538062 
1248.93 0.572125 
1248.93 0.606187 
1248.93 0.64025 
1248.93 0.674312 
1248.93 0.708375 
1248.93 0.742437 
1248.93 0.7765 
1248.93 0.810562 
1248.93 0.844625 
1248.93 0.878687 
1248.93 0.91275 
1248.93 0.946812 
1248.93 0.980875 
1248.93 1.01494 
1248.93 1.049 
1248.93 1.07425 
1248.93 1.0995 
1248.93 1.12475 
1248.93 1.15 
1248.93 1.17525 
1248.93 1.2005 
1248.93 1.22575 
1248.93 1.251 
1248.93 1.27625 
1248.93 1.3015 
1248.93 1.32675 
1248.93 1.352 
1248.93 1.37725 
1248.93 1.4025 
1248.93 1.42775 
1248.93 1.453 
1248.93 1.50362 
1248.93 1.55425 
1248.93 1.60488 
1248.93 1.6555 
1248.93 1.70613 
1248.93 1.75675 
1248.93 1.80737 
1248.93 1.858 
1248.93 1.90863 
1248.93 1.95925 
1248.93 2.00988 
1248.93 2.0605 
1248.93 2.11112 
1248.93 2.16175 
1248.93 2.21237 
1248.93 2.263 
1248.93 2.33188 
1248.93 2.40075 
1248.93 2.46962 
1248.93 2.5385 
1248.93 2.60738 
1248.93 2.67625 
1248.93 2.74512 
1248.93 2.814 
1248.93 2.88288 
1248.93 2.95175 
1248.93 3.02062 
1248.93 3.0895 
1248.93 3.15838 
1248.93 3.22725 
1248.93 3.29612 
1248.93 3.365 
1248.93 3.16894 
1248.93 2.97288 
1248.93 2.77681 
1248.93 2.58075 
1248.93 2.38469 
1248.93 2.18863 
1248.93 1.99256 
1248.93 1.7965 
1248.93 1.60044 
1248.93 1.40438 
1248.93 1.20831 
1248.93 1.01225 
1248.93 0.816188 
1248.93 0.620125 
1248.93 0.424063 
1248.93 0.228 
1248.93 0.241813 
1248.93 0.255625 
1248.93 0.269437 
1248.93 0.28325 
1248.93 0.297063 
1248.93 0.310875 
1248.93 0.324688 
1248.93 0.3385 
1248.93 0.352313 
1248.93 0.366125 
1248.93 0.379938 
1248.93 0.39375 
1248.93 0.407563 
1248.93 0.421375 
1248.93 0.435188 
1248.93 0.449 
1248.93 0.513938 
1248.93 0.578875 
1248.93 0.643813 
1248.93 0.70875 
1248.93 0.773687 
1248.93 0.838625 
1248.93 0.903563 
1248.93 0.9685 
1248.93 1.03344 
1248.93 1.09837 
1248.93 1.16331 
1248.93 1.22825 
1248.93 1.29319 
1248.93 1.35813 
1248.93 1.42306 

