1248.93 0.75 
1248.93 0.744188 
1248.93 0.738375 
1248.93 0.732563 
1248.93 0.72675 
1248.93 0.720938 
1248.93 0.715125 
1248.93 0.709313 
1248.93 0.7035 
1248.93 0.697688 
1248.93 0.691875 
1248.93 0.686063 
1248.93 0.68025 
1248.93 0.674438 
1248.93 0.668625 
1248.93 0.662813 
1248.93 0.764 
1248.93 0.81075 
1248.93 0.8575 
1248.93 0.90425 
1248.93 0.951 
1248.93 0.99775 
1248.93 1.0445 
1248.93 1.09125 
1248.93 1.138 
1248.93 1.18475 
1248.93 1.2315 
1248.93 1.27825 
1248.93 1.325 
1248.93 1.37175 
1248.93 1.4185 
1248.93 1.46525 
1248.93 0.555 
1248.93 0.590625 
1248.93 0.62625 
1248.93 0.661875 
1248.93 0.6975 
1248.93 0.733125 
1248.93 0.76875 
1248.93 0.804375 
1248.93 0.84 
1248.93 0.875625 
1248.93 0.91125 
1248.93 0.946875 
1248.93 0.9825 
1248.93 1.01812 
1248.93 1.05375 
1248.93 1.08937 
1248.93 4.94 
1248.93 4.97756 
1248.93 5.01513 
1248.93 5.05269 
1248.93 5.09025 
1248.93 5.12781 
1248.93 5.16538 
1248.93 5.20294 
1248.93 5.2405 
1248.93 5.27806 
1248.93 5.31563 
1248.93 5.35319 
1248.93 5.39075 
1248.93 5.42831 
1248.93 5.46588 
1248.93 5.50344 
1248.93 1.345 
1248.93 1.38888 
1248.93 1.43275 
1248.93 1.47662 
1248.93 1.5205 
1248.93 1.56438 
1248.93 1.60825 
1248.93 1.65212 
1248.93 1.696 
1248.93 1.73988 
1248.93 1.78375 
1248.93 1.82762 
1248.93 1.8715 
1248.93 1.91538 
1248.93 1.95925 
1248.93 2.00312 
1248.93 0.675 
1248.93 0.564438 
1248.93 0.453875 
1248.93 0.343313 
1248.93 0.23275 
1248.93 0.122188 
1248.93 0.011625 
1248.93 -0.0989375 
1248.93 -0.2095 
1248.93 -0.320063 
1248.93 -0.430625 
1248.93 -0.541188 
1248.93 -0.65175 
1248.93 -0.762312 
1248.93 -0.872875 
1248.93 -0.983438 
1248.93 0.227 
1248.93 0.212125 
1248.93 0.19725 
1248.93 0.182375 
1248.93 0.1675 
1248.93 0.152625 
1248.93 0.13775 
1248.93 0.122875 
1248.93 0.108 
1248.93 0.093125 
1248.93 0.07825 
1248.93 0.063375 
1248.93 0.0485 
1248.93 0.033625 
1248.93 0.01875 
1248.93 0.003875 
1248.93 0.9 
1248.93 0.950562 
1248.93 1.00113 
1248.93 1.05169 
1248.93 1.10225 
1248.93 1.15281 
1248.93 1.20338 
1248.93 1.25394 
1248.93 1.3045 
1248.93 1.35506 
1248.93 1.40563 
1248.93 1.45619 
1248.93 1.50675 
1248.93 1.55731 
1248.93 1.60788 
1248.93 1.65844 

