1248.93 0.408 
1248.93 0.393 
1248.93 0.378 
1248.93 0.363 
1248.93 0.348 
1248.93 0.333 
1248.93 0.318 
1248.93 0.303 
1248.93 0.288 
1248.93 0.273 
1248.93 0.258 
1248.93 0.243 
1248.93 0.228 
1248.93 0.213 
1248.93 0.198 
1248.93 0.183 
1248.93 0.717 
1248.93 0.773813 
1248.93 0.830625 
1248.93 0.887437 
1248.93 0.94425 
1248.93 1.00106 
1248.93 1.05788 
1248.93 1.11469 
1248.93 1.1715 
1248.93 1.22831 
1248.93 1.28512 
1248.93 1.34194 
1248.93 1.39875 
1248.93 1.45556 
1248.93 1.51238 
1248.93 1.56919 
1248.93 0.516 
1248.93 0.553 
1248.93 0.59 
1248.93 0.627 
1248.93 0.664 
1248.93 0.701 
1248.93 0.738 
1248.93 0.775 
1248.93 0.812 
1248.93 0.849 
1248.93 0.886 
1248.93 0.923 
1248.93 0.96 
1248.93 0.997 
1248.93 1.034 
1248.93 1.071 
1248.93 4.047 
1248.93 4.10275 
1248.93 4.1585 
1248.93 4.21425 
1248.93 4.27 
1248.93 4.32575 
1248.93 4.3815 
1248.93 4.43725 
1248.93 4.493 
1248.93 4.54875 
1248.93 4.6045 
1248.93 4.66025 
1248.93 4.716 
1248.93 4.77175 
1248.93 4.8275 
1248.93 4.88325 
1248.93 1.208 
1248.93 1.20125 
1248.93 1.1945 
1248.93 1.18775 
1248.93 1.181 
1248.93 1.17425 
1248.93 1.1675 
1248.93 1.16075 
1248.93 1.154 
1248.93 1.14725 
1248.93 1.1405 
1248.93 1.13375 
1248.93 1.127 
1248.93 1.12025 
1248.93 1.1135 
1248.93 1.10675 
1248.93 0.769 
1248.93 0.647062 
1248.93 0.525125 
1248.93 0.403188 
1248.93 0.28125 
1248.93 0.159312 
1248.93 0.037375 
1248.93 -0.0845625 
1248.93 -0.2065 
1248.93 -0.328438 
1248.93 -0.450375 
1248.93 -0.572313 
1248.93 -0.69425 
1248.93 -0.816187 
1248.93 -0.938125 
1248.93 -1.06006 
1248.93 0.611 
1248.93 0.63875 
1248.93 0.6665 
1248.93 0.69425 
1248.93 0.722 
1248.93 0.74975 
1248.93 0.7775 
1248.93 0.80525 
1248.93 0.833 
1248.93 0.86075 
1248.93 0.8885 
1248.93 0.91625 
1248.93 0.944 
1248.93 0.97175 
1248.93 0.9995 
1248.93 1.02725 
1248.93 1.267 
1248.93 1.2835 
1248.93 1.3 
1248.93 1.3165 
1248.93 1.333 
1248.93 1.3495 
1248.93 1.366 
1248.93 1.3825 
1248.93 1.399 
1248.93 1.4155 
1248.93 1.432 
1248.93 1.4485 
1248.93 1.465 
1248.93 1.4815 
1248.93 1.498 
1248.93 1.5145 

