344.531 8.013 
344.531 8.02118 
344.531 8.02936 
344.531 8.03755 
344.531 8.04573 
344.531 8.05391 
344.531 8.06209 
344.531 8.07027 
344.531 8.07845 
344.531 8.08664 
344.531 8.09482 
344.531 8.103 
344.531 9.91655 
344.531 11.7301 
344.531 13.5436 
344.531 15.3572 
344.531 17.1707 
344.531 18.9843 
344.531 20.7978 
344.531 22.6114 
344.531 24.4249 
344.531 26.2385 
344.531 28.052 
344.531 26.2543 
344.531 24.4565 
344.531 22.6588 
344.531 20.8611 
344.531 19.0634 
344.531 17.2656 
344.531 15.4679 
344.531 13.6702 
344.531 11.8725 
344.531 10.0747 
344.531 8.277 
344.531 7.69518 
344.531 7.11336 
344.531 6.53155 
344.531 5.94973 
344.531 5.36791 
344.531 4.78609 
344.531 4.20427 
344.531 3.62245 
344.531 3.04064 
344.531 2.45882 
344.531 1.877 
344.531 3.35664 
344.531 4.83627 
344.531 6.31591 
344.531 7.79555 
344.531 9.27518 
344.531 10.7548 
344.531 12.2345 
344.531 13.7141 
344.531 15.1937 
344.531 16.6734 
344.531 18.153 
344.531 16.755 
344.531 15.357 
344.531 13.959 
344.531 12.561 
344.531 11.163 
344.531 9.765 
344.531 8.367 
344.531 6.969 
344.531 5.571 
344.531 4.173 
344.531 2.775 
344.531 2.65309 
344.531 2.53118 
344.531 2.40927 
344.531 2.28736 
344.531 2.16545 
344.531 2.04355 
344.531 1.92164 
344.531 1.79973 
344.531 1.67782 
344.531 1.55591 
344.531 1.434 
344.531 1.37464 
344.531 1.31527 
344.531 1.25591 
344.531 1.19655 
344.531 1.13718 
344.531 1.07782 
344.531 1.01845 
344.531 0.959091 
344.531 0.899727 
344.531 0.840364 

