344.531 5.197 
344.531 5.38073 
344.531 5.56445 
344.531 5.74818 
344.531 5.93191 
344.531 6.11564 
344.531 6.29936 
344.531 6.48309 
344.531 6.66682 
344.531 6.85055 
344.531 7.03427 
344.531 7.218 
344.531 8.64591 
344.531 10.0738 
344.531 11.5017 
344.531 12.9296 
344.531 14.3575 
344.531 15.7855 
344.531 17.2134 
344.531 18.6413 
344.531 20.0692 
344.531 21.4971 
344.531 22.925 
344.531 21.5391 
344.531 20.1532 
344.531 18.7673 
344.531 17.3814 
344.531 15.9955 
344.531 14.6095 
344.531 13.2236 
344.531 11.8377 
344.531 10.4518 
344.531 9.06591 
344.531 7.68 
344.531 7.294 
344.531 6.908 
344.531 6.522 
344.531 6.136 
344.531 5.75 
344.531 5.364 
344.531 4.978 
344.531 4.592 
344.531 4.206 
344.531 3.82 
344.531 3.434 
344.531 4.29218 
344.531 5.15036 
344.531 6.00855 
344.531 6.86673 
344.531 7.72491 
344.531 8.58309 
344.531 9.44127 
344.531 10.2995 
344.531 11.1576 
344.531 12.0158 
344.531 12.874 
344.531 11.9149 
344.531 10.9558 
344.531 9.99673 
344.531 9.03764 
344.531 8.07855 
344.531 7.11945 
344.531 6.16036 
344.531 5.20127 
344.531 4.24218 
344.531 3.28309 
344.531 2.324 
344.531 2.27455 
344.531 2.22509 
344.531 2.17564 
344.531 2.12618 
344.531 2.07673 
344.531 2.02727 
344.531 1.97782 
344.531 1.92836 
344.531 1.87891 
344.531 1.82945 
344.531 1.78 
344.531 1.68036 
344.531 1.58073 
344.531 1.48109 
344.531 1.38145 
344.531 1.28182 
344.531 1.18218 
344.531 1.08255 
344.531 0.982909 
344.531 0.883273 
344.531 0.783636 

