344.531 4.717 
344.531 4.82836 
344.531 4.93973 
344.531 5.05109 
344.531 5.16245 
344.531 5.27382 
344.531 5.38518 
344.531 5.49655 
344.531 5.60791 
344.531 5.71927 
344.531 5.83064 
344.531 5.942 
344.531 7.46327 
344.531 8.98455 
344.531 10.5058 
344.531 12.0271 
344.531 13.5484 
344.531 15.0696 
344.531 16.5909 
344.531 18.1122 
344.531 19.6335 
344.531 21.1547 
344.531 22.676 
344.531 21.352 
344.531 20.028 
344.531 18.704 
344.531 17.38 
344.531 16.056 
344.531 14.732 
344.531 13.408 
344.531 12.084 
344.531 10.76 
344.531 9.436 
344.531 8.112 
344.531 7.74836 
344.531 7.38473 
344.531 7.02109 
344.531 6.65745 
344.531 6.29382 
344.531 5.93018 
344.531 5.56655 
344.531 5.20291 
344.531 4.83927 
344.531 4.47564 
344.531 4.112 
344.531 4.97891 
344.531 5.84582 
344.531 6.71273 
344.531 7.57964 
344.531 8.44655 
344.531 9.31345 
344.531 10.1804 
344.531 11.0473 
344.531 11.9142 
344.531 12.7811 
344.531 13.648 
344.531 12.6189 
344.531 11.5898 
344.531 10.5607 
344.531 9.53164 
344.531 8.50255 
344.531 7.47345 
344.531 6.44436 
344.531 5.41527 
344.531 4.38618 
344.531 3.35709 
344.531 2.328 
344.531 2.26655 
344.531 2.20509 
344.531 2.14364 
344.531 2.08218 
344.531 2.02073 
344.531 1.95927 
344.531 1.89782 
344.531 1.83636 
344.531 1.77491 
344.531 1.71345 
344.531 1.652 
344.531 1.56318 
344.531 1.47436 
344.531 1.38555 
344.531 1.29673 
344.531 1.20791 
344.531 1.11909 
344.531 1.03027 
344.531 0.941455 
344.531 0.852636 
344.531 0.763818 

