344.531 2.01 
344.531 2.58482 
344.531 3.15964 
344.531 3.73445 
344.531 4.30927 
344.531 4.88409 
344.531 5.45891 
344.531 6.03373 
344.531 6.60855 
344.531 7.18336 
344.531 7.75818 
344.531 8.333 
344.531 9.561 
344.531 10.789 
344.531 12.017 
344.531 13.245 
344.531 14.473 
344.531 15.701 
344.531 16.929 
344.531 18.157 
344.531 19.385 
344.531 20.613 
344.531 21.841 
344.531 20.6507 
344.531 19.4605 
344.531 18.2702 
344.531 17.0799 
344.531 15.8896 
344.531 14.6994 
344.531 13.5091 
344.531 12.3188 
344.531 11.1285 
344.531 9.93827 
344.531 8.748 
344.531 8.29991 
344.531 7.85182 
344.531 7.40373 
344.531 6.95564 
344.531 6.50755 
344.531 6.05945 
344.531 5.61136 
344.531 5.16327 
344.531 4.71518 
344.531 4.26709 
344.531 3.819 
344.531 4.79027 
344.531 5.76155 
344.531 6.73282 
344.531 7.70409 
344.531 8.67536 
344.531 9.64664 
344.531 10.6179 
344.531 11.5892 
344.531 12.5605 
344.531 13.5317 
344.531 14.503 
344.531 13.4004 
344.531 12.2977 
344.531 11.1951 
344.531 10.0925 
344.531 8.98982 
344.531 7.88718 
344.531 6.78455 
344.531 5.68191 
344.531 4.57927 
344.531 3.47664 
344.531 2.374 
344.531 2.29545 
344.531 2.21691 
344.531 2.13836 
344.531 2.05982 
344.531 1.98127 
344.531 1.90273 
344.531 1.82418 
344.531 1.74564 
344.531 1.66709 
344.531 1.58855 
344.531 1.51 
344.531 1.42891 
344.531 1.34782 
344.531 1.26673 
344.531 1.18564 
344.531 1.10455 
344.531 1.02345 
344.531 0.942364 
344.531 0.861273 
344.531 0.780182 
344.531 0.699091 

