344.531 3.888 
344.531 4.07345 
344.531 4.25891 
344.531 4.44436 
344.531 4.62982 
344.531 4.81527 
344.531 5.00073 
344.531 5.18618 
344.531 5.37164 
344.531 5.55709 
344.531 5.74255 
344.531 5.928 
344.531 7.42782 
344.531 8.92764 
344.531 10.4275 
344.531 11.9273 
344.531 13.4271 
344.531 14.9269 
344.531 16.4267 
344.531 17.9265 
344.531 19.4264 
344.531 20.9262 
344.531 22.426 
344.531 21.1162 
344.531 19.8064 
344.531 18.4965 
344.531 17.1867 
344.531 15.8769 
344.531 14.5671 
344.531 13.2573 
344.531 11.9475 
344.531 10.6376 
344.531 9.32782 
344.531 8.018 
344.531 7.382 
344.531 6.746 
344.531 6.11 
344.531 5.474 
344.531 4.838 
344.531 4.202 
344.531 3.566 
344.531 2.93 
344.531 2.294 
344.531 1.658 
344.531 1.022 
344.531 2.13209 
344.531 3.24218 
344.531 4.35227 
344.531 5.46236 
344.531 6.57245 
344.531 7.68255 
344.531 8.79264 
344.531 9.90273 
344.531 11.0128 
344.531 12.1229 
344.531 13.233 
344.531 12.2481 
344.531 11.2632 
344.531 10.2783 
344.531 9.29336 
344.531 8.30845 
344.531 7.32355 
344.531 6.33864 
344.531 5.35373 
344.531 4.36882 
344.531 3.38391 
344.531 2.399 
344.531 2.32127 
344.531 2.24355 
344.531 2.16582 
344.531 2.08809 
344.531 2.01036 
344.531 1.93264 
344.531 1.85491 
344.531 1.77718 
344.531 1.69945 
344.531 1.62173 
344.531 1.544 
344.531 1.46791 
344.531 1.39182 
344.531 1.31573 
344.531 1.23964 
344.531 1.16355 
344.531 1.08745 
344.531 1.01136 
344.531 0.935273 
344.531 0.859182 
344.531 0.783091 

