344.531 4.793 
344.531 4.88273 
344.531 4.97245 
344.531 5.06218 
344.531 5.15191 
344.531 5.24164 
344.531 5.33136 
344.531 5.42109 
344.531 5.51082 
344.531 5.60055 
344.531 5.69027 
344.531 5.78 
344.531 7.58745 
344.531 9.39491 
344.531 11.2024 
344.531 13.0098 
344.531 14.8173 
344.531 16.6247 
344.531 18.4322 
344.531 20.2396 
344.531 22.0471 
344.531 23.8545 
344.531 25.662 
344.531 24.0512 
344.531 22.4404 
344.531 20.8295 
344.531 19.2187 
344.531 17.6079 
344.531 15.9971 
344.531 14.3863 
344.531 12.7755 
344.531 11.1646 
344.531 9.55382 
344.531 7.943 
344.531 7.58527 
344.531 7.22755 
344.531 6.86982 
344.531 6.51209 
344.531 6.15436 
344.531 5.79664 
344.531 5.43891 
344.531 5.08118 
344.531 4.72345 
344.531 4.36573 
344.531 4.008 
344.531 5.03145 
344.531 6.05491 
344.531 7.07836 
344.531 8.10182 
344.531 9.12527 
344.531 10.1487 
344.531 11.1722 
344.531 12.1956 
344.531 13.2191 
344.531 14.2425 
344.531 15.266 
344.531 14.1081 
344.531 12.9502 
344.531 11.7923 
344.531 10.6344 
344.531 9.47645 
344.531 8.31855 
344.531 7.16064 
344.531 6.00273 
344.531 4.84482 
344.531 3.68691 
344.531 2.529 
344.531 2.42336 
344.531 2.31773 
344.531 2.21209 
344.531 2.10645 
344.531 2.00082 
344.531 1.89518 
344.531 1.78955 
344.531 1.68391 
344.531 1.57827 
344.531 1.47264 
344.531 1.367 
344.531 1.29718 
344.531 1.22736 
344.531 1.15755 
344.531 1.08773 
344.531 1.01791 
344.531 0.948091 
344.531 0.878273 
344.531 0.808455 
344.531 0.738636 
344.531 0.668818 

