344.531 3.674 
344.531 4.04209 
344.531 4.41018 
344.531 4.77827 
344.531 5.14636 
344.531 5.51445 
344.531 5.88255 
344.531 6.25064 
344.531 6.61873 
344.531 6.98682 
344.531 7.35491 
344.531 7.723 
344.531 9.177 
344.531 10.631 
344.531 12.085 
344.531 13.539 
344.531 14.993 
344.531 16.447 
344.531 17.901 
344.531 19.355 
344.531 20.809 
344.531 22.263 
344.531 23.717 
344.531 22.3235 
344.531 20.9301 
344.531 19.5366 
344.531 18.1432 
344.531 16.7497 
344.531 15.3563 
344.531 13.9628 
344.531 12.5694 
344.531 11.1759 
344.531 9.78245 
344.531 8.389 
344.531 7.90273 
344.531 7.41645 
344.531 6.93018 
344.531 6.44391 
344.531 5.95764 
344.531 5.47136 
344.531 4.98509 
344.531 4.49882 
344.531 4.01255 
344.531 3.52627 
344.531 3.04 
344.531 4.03355 
344.531 5.02709 
344.531 6.02064 
344.531 7.01418 
344.531 8.00773 
344.531 9.00127 
344.531 9.99482 
344.531 10.9884 
344.531 11.9819 
344.531 12.9755 
344.531 13.969 
344.531 12.9159 
344.531 11.8628 
344.531 10.8097 
344.531 9.75664 
344.531 8.70355 
344.531 7.65045 
344.531 6.59736 
344.531 5.54427 
344.531 4.49118 
344.531 3.43809 
344.531 2.385 
344.531 2.32264 
344.531 2.26027 
344.531 2.19791 
344.531 2.13555 
344.531 2.07318 
344.531 2.01082 
344.531 1.94845 
344.531 1.88609 
344.531 1.82373 
344.531 1.76136 
344.531 1.699 
344.531 1.59618 
344.531 1.49336 
344.531 1.39055 
344.531 1.28773 
344.531 1.18491 
344.531 1.08209 
344.531 0.979273 
344.531 0.876455 
344.531 0.773636 
344.531 0.670818 

