344.531 7.927 
344.531 7.80955 
344.531 7.69209 
344.531 7.57464 
344.531 7.45718 
344.531 7.33973 
344.531 7.22227 
344.531 7.10482 
344.531 6.98736 
344.531 6.86991 
344.531 6.75245 
344.531 6.635 
344.531 7.92064 
344.531 9.20627 
344.531 10.4919 
344.531 11.7775 
344.531 13.0632 
344.531 14.3488 
344.531 15.6345 
344.531 16.9201 
344.531 18.2057 
344.531 19.4914 
344.531 20.777 
344.531 19.6285 
344.531 18.4801 
344.531 17.3316 
344.531 16.1832 
344.531 15.0347 
344.531 13.8863 
344.531 12.7378 
344.531 11.5894 
344.531 10.4409 
344.531 9.29245 
344.531 8.144 
344.531 7.57345 
344.531 7.00291 
344.531 6.43236 
344.531 5.86182 
344.531 5.29127 
344.531 4.72073 
344.531 4.15018 
344.531 3.57964 
344.531 3.00909 
344.531 2.43855 
344.531 1.868 
344.531 3.02309 
344.531 4.17818 
344.531 5.33327 
344.531 6.48836 
344.531 7.64345 
344.531 8.79855 
344.531 9.95364 
344.531 11.1087 
344.531 12.2638 
344.531 13.4189 
344.531 14.574 
344.531 13.4605 
344.531 12.3471 
344.531 11.2336 
344.531 10.1202 
344.531 9.00673 
344.531 7.89327 
344.531 6.77982 
344.531 5.66636 
344.531 4.55291 
344.531 3.43945 
344.531 2.326 
344.531 2.28473 
344.531 2.24345 
344.531 2.20218 
344.531 2.16091 
344.531 2.11964 
344.531 2.07836 
344.531 2.03709 
344.531 1.99582 
344.531 1.95455 
344.531 1.91327 
344.531 1.872 
344.531 1.76545 
344.531 1.65891 
344.531 1.55236 
344.531 1.44582 
344.531 1.33927 
344.531 1.23273 
344.531 1.12618 
344.531 1.01964 
344.531 0.913091 
344.531 0.806545 

