344.531 5.639 
344.531 5.64682 
344.531 5.65464 
344.531 5.66245 
344.531 5.67027 
344.531 5.67809 
344.531 5.68591 
344.531 5.69373 
344.531 5.70155 
344.531 5.70936 
344.531 5.71718 
344.531 5.725 
344.531 7.00309 
344.531 8.28118 
344.531 9.55927 
344.531 10.8374 
344.531 12.1155 
344.531 13.3935 
344.531 14.6716 
344.531 15.9497 
344.531 17.2278 
344.531 18.5059 
344.531 19.784 
344.531 18.565 
344.531 17.346 
344.531 16.127 
344.531 14.908 
344.531 13.689 
344.531 12.47 
344.531 11.251 
344.531 10.032 
344.531 8.813 
344.531 7.594 
344.531 6.375 
344.531 5.89927 
344.531 5.42355 
344.531 4.94782 
344.531 4.47209 
344.531 3.99636 
344.531 3.52064 
344.531 3.04491 
344.531 2.56918 
344.531 2.09345 
344.531 1.61773 
344.531 1.142 
344.531 2.13473 
344.531 3.12745 
344.531 4.12018 
344.531 5.11291 
344.531 6.10564 
344.531 7.09836 
344.531 8.09109 
344.531 9.08382 
344.531 10.0765 
344.531 11.0693 
344.531 12.062 
344.531 11.1657 
344.531 10.2695 
344.531 9.37318 
344.531 8.47691 
344.531 7.58064 
344.531 6.68436 
344.531 5.78809 
344.531 4.89182 
344.531 3.99555 
344.531 3.09927 
344.531 2.203 
344.531 2.19445 
344.531 2.18591 
344.531 2.17736 
344.531 2.16882 
344.531 2.16027 
344.531 2.15173 
344.531 2.14318 
344.531 2.13464 
344.531 2.12609 
344.531 2.11755 
344.531 2.109 
344.531 1.97864 
344.531 1.84827 
344.531 1.71791 
344.531 1.58755 
344.531 1.45718 
344.531 1.32682 
344.531 1.19645 
344.531 1.06609 
344.531 0.935727 
344.531 0.805364 

