344.531 5.639 
344.531 5.5715 
344.531 5.504 
344.531 5.4365 
344.531 5.369 
344.531 5.3015 
344.531 5.234 
344.531 5.1665 
344.531 5.099 
344.531 5.0315 
344.531 4.964 
344.531 4.8965 
344.531 4.829 
344.531 4.7615 
344.531 4.694 
344.531 4.6265 
344.531 5.725 
344.531 5.6845 
344.531 5.644 
344.531 5.6035 
344.531 5.563 
344.531 5.5225 
344.531 5.482 
344.531 5.4415 
344.531 5.401 
344.531 5.3605 
344.531 5.32 
344.531 5.2795 
344.531 5.239 
344.531 5.1985 
344.531 5.158 
344.531 5.1175 
344.531 19.784 
344.531 19.904 
344.531 20.024 
344.531 20.144 
344.531 20.264 
344.531 20.384 
344.531 20.504 
344.531 20.624 
344.531 20.744 
344.531 20.864 
344.531 20.984 
344.531 21.104 
344.531 21.224 
344.531 21.344 
344.531 21.464 
344.531 21.584 
344.531 6.375 
344.531 6.23381 
344.531 6.09262 
344.531 5.95144 
344.531 5.81025 
344.531 5.66906 
344.531 5.52787 
344.531 5.38669 
344.531 5.2455 
344.531 5.10431 
344.531 4.96312 
344.531 4.82194 
344.531 4.68075 
344.531 4.53956 
344.531 4.39837 
344.531 4.25719 
344.531 1.142 
344.531 1.22931 
344.531 1.31662 
344.531 1.40394 
344.531 1.49125 
344.531 1.57856 
344.531 1.66587 
344.531 1.75319 
344.531 1.8405 
344.531 1.92781 
344.531 2.01512 
344.531 2.10244 
344.531 2.18975 
344.531 2.27706 
344.531 2.36437 
344.531 2.45169 
344.531 12.062 
344.531 12.1339 
344.531 12.2058 
344.531 12.2776 
344.531 12.3495 
344.531 12.4214 
344.531 12.4932 
344.531 12.5651 
344.531 12.637 
344.531 12.7089 
344.531 12.7807 
344.531 12.8526 
344.531 12.9245 
344.531 12.9964 
344.531 13.0682 
344.531 13.1401 
344.531 2.203 
344.531 2.25269 
344.531 2.30237 
344.531 2.35206 
344.531 2.40175 
344.531 2.45144 
344.531 2.50113 
344.531 2.55081 
344.531 2.6005 
344.531 2.65019 
344.531 2.69987 
344.531 2.74956 
344.531 2.79925 
344.531 2.84894 
344.531 2.89863 
344.531 2.94831 
344.531 2.109 
344.531 2.09894 
344.531 2.08887 
344.531 2.07881 
344.531 2.06875 
344.531 2.05869 
344.531 2.04862 
344.531 2.03856 
344.531 2.0285 
344.531 2.01844 
344.531 2.00837 
344.531 1.99831 
344.531 1.98825 
344.531 1.97819 
344.531 1.96812 
344.531 1.95806 

