344.531 4.793 
344.531 4.85325 
344.531 4.9135 
344.531 4.97375 
344.531 5.034 
344.531 5.09425 
344.531 5.1545 
344.531 5.21475 
344.531 5.275 
344.531 5.33525 
344.531 5.3955 
344.531 5.45575 
344.531 5.516 
344.531 5.57625 
344.531 5.6365 
344.531 5.69675 
344.531 5.78 
344.531 5.84294 
344.531 5.90587 
344.531 5.96881 
344.531 6.03175 
344.531 6.09469 
344.531 6.15763 
344.531 6.22056 
344.531 6.2835 
344.531 6.34644 
344.531 6.40938 
344.531 6.47231 
344.531 6.53525 
344.531 6.59819 
344.531 6.66113 
344.531 6.72406 
344.531 25.662 
344.531 25.5188 
344.531 25.3755 
344.531 25.2323 
344.531 25.089 
344.531 24.9458 
344.531 24.8025 
344.531 24.6593 
344.531 24.516 
344.531 24.3727 
344.531 24.2295 
344.531 24.0862 
344.531 23.943 
344.531 23.7997 
344.531 23.6565 
344.531 23.5132 
344.531 7.943 
344.531 8.04737 
344.531 8.15175 
344.531 8.25612 
344.531 8.3605 
344.531 8.46487 
344.531 8.56925 
344.531 8.67362 
344.531 8.778 
344.531 8.88237 
344.531 8.98675 
344.531 9.09112 
344.531 9.1955 
344.531 9.29988 
344.531 9.40425 
344.531 9.50862 
344.531 4.008 
344.531 3.9445 
344.531 3.881 
344.531 3.8175 
344.531 3.754 
344.531 3.6905 
344.531 3.627 
344.531 3.5635 
344.531 3.5 
344.531 3.4365 
344.531 3.373 
344.531 3.3095 
344.531 3.246 
344.531 3.1825 
344.531 3.119 
344.531 3.0555 
344.531 15.266 
344.531 15.4672 
344.531 15.6685 
344.531 15.8697 
344.531 16.071 
344.531 16.2722 
344.531 16.4735 
344.531 16.6747 
344.531 16.876 
344.531 17.0772 
344.531 17.2785 
344.531 17.4797 
344.531 17.681 
344.531 17.8822 
344.531 18.0835 
344.531 18.2847 
344.531 2.529 
344.531 2.31194 
344.531 2.09488 
344.531 1.87781 
344.531 1.66075 
344.531 1.44369 
344.531 1.22662 
344.531 1.00956 
344.531 0.7925 
344.531 0.575438 
344.531 0.358375 
344.531 0.141313 
344.531 -0.07575 
344.531 -0.292813 
344.531 -0.509875 
344.531 -0.726938 
344.531 1.367 
344.531 1.42256 
344.531 1.47812 
344.531 1.53369 
344.531 1.58925 
344.531 1.64481 
344.531 1.70038 
344.531 1.75594 
344.531 1.8115 
344.531 1.86706 
344.531 1.92263 
344.531 1.97819 
344.531 2.03375 
344.531 2.08931 
344.531 2.14488 
344.531 2.20044 

