344.531 2.354 
344.531 2.43156 
344.531 2.50913 
344.531 2.58669 
344.531 2.66425 
344.531 2.74181 
344.531 2.81937 
344.531 2.89694 
344.531 2.9745 
344.531 3.05206 
344.531 3.12962 
344.531 3.20719 
344.531 3.28475 
344.531 3.36231 
344.531 3.43988 
344.531 3.51744 
344.531 8.275 
344.531 8.29331 
344.531 8.31163 
344.531 8.32994 
344.531 8.34825 
344.531 8.36656 
344.531 8.38488 
344.531 8.40319 
344.531 8.4215 
344.531 8.43981 
344.531 8.45813 
344.531 8.47644 
344.531 8.49475 
344.531 8.51306 
344.531 8.53138 
344.531 8.54969 
344.531 22.122 
344.531 22.0895 
344.531 22.057 
344.531 22.0245 
344.531 21.992 
344.531 21.9595 
344.531 21.927 
344.531 21.8945 
344.531 21.862 
344.531 21.8295 
344.531 21.797 
344.531 21.7645 
344.531 21.732 
344.531 21.6995 
344.531 21.667 
344.531 21.6345 
344.531 7.353 
344.531 7.27619 
344.531 7.19937 
344.531 7.12256 
344.531 7.04575 
344.531 6.96894 
344.531 6.89213 
344.531 6.81531 
344.531 6.7385 
344.531 6.66169 
344.531 6.58487 
344.531 6.50806 
344.531 6.43125 
344.531 6.35444 
344.531 6.27762 
344.531 6.20081 
344.531 4.382 
344.531 4.46831 
344.531 4.55462 
344.531 4.64094 
344.531 4.72725 
344.531 4.81356 
344.531 4.89987 
344.531 4.98619 
344.531 5.0725 
344.531 5.15881 
344.531 5.24512 
344.531 5.33144 
344.531 5.41775 
344.531 5.50406 
344.531 5.59037 
344.531 5.67669 
344.531 22.44 
344.531 22.4972 
344.531 22.5544 
344.531 22.6116 
344.531 22.6688 
344.531 22.7259 
344.531 22.7831 
344.531 22.8403 
344.531 22.8975 
344.531 22.9547 
344.531 23.0119 
344.531 23.0691 
344.531 23.1263 
344.531 23.1834 
344.531 23.2406 
344.531 23.2978 
344.531 3.179 
344.531 3.12787 
344.531 3.07675 
344.531 3.02562 
344.531 2.9745 
344.531 2.92338 
344.531 2.87225 
344.531 2.82112 
344.531 2.77 
344.531 2.71887 
344.531 2.66775 
344.531 2.61662 
344.531 2.5655 
344.531 2.51437 
344.531 2.46325 
344.531 2.41212 
344.531 1.308 
344.531 1.323 
344.531 1.338 
344.531 1.353 
344.531 1.368 
344.531 1.383 
344.531 1.398 
344.531 1.413 
344.531 1.428 
344.531 1.443 
344.531 1.458 
344.531 1.473 
344.531 1.488 
344.531 1.503 
344.531 1.518 
344.531 1.533 

