344.531 3.981 
344.531 3.99487 
344.531 4.00875 
344.531 4.02262 
344.531 4.0365 
344.531 4.05037 
344.531 4.06425 
344.531 4.07812 
344.531 4.092 
344.531 4.10588 
344.531 4.11975 
344.531 4.13363 
344.531 4.1475 
344.531 4.16138 
344.531 4.17525 
344.531 4.18913 
344.531 4.203 
344.531 4.04938 
344.531 3.89575 
344.531 3.74213 
344.531 3.5885 
344.531 3.43488 
344.531 3.28125 
344.531 3.12763 
344.531 2.974 
344.531 2.82038 
344.531 2.66675 
344.531 2.51313 
344.531 2.3595 
344.531 2.20588 
344.531 2.05225 
344.531 1.89863 
344.531 1.745 
344.531 1.92112 
344.531 2.09725 
344.531 2.27338 
344.531 2.4495 
344.531 2.62562 
344.531 2.80175 
344.531 2.97788 
344.531 3.154 
344.531 3.33012 
344.531 3.50625 
344.531 3.68237 
344.531 3.8585 
344.531 4.03463 
344.531 4.21075 
344.531 4.38687 
344.531 4.563 
344.531 4.48456 
344.531 4.40612 
344.531 4.32769 
344.531 4.24925 
344.531 4.17081 
344.531 4.09237 
344.531 4.01394 
344.531 3.9355 
344.531 3.85706 
344.531 3.77862 
344.531 3.70019 
344.531 3.62175 
344.531 3.54331 
344.531 3.46487 
344.531 3.38644 
344.531 3.308 
344.531 3.39656 
344.531 3.48513 
344.531 3.57369 
344.531 3.66225 
344.531 3.75081 
344.531 3.83937 
344.531 3.92794 
344.531 4.0165 
344.531 4.10506 
344.531 4.19362 
344.531 4.28219 
344.531 4.37075 
344.531 4.45931 
344.531 4.54787 
344.531 4.63644 
344.531 4.725 
344.531 4.64069 
344.531 4.55638 
344.531 4.47206 
344.531 4.38775 
344.531 4.30344 
344.531 4.21913 
344.531 4.13481 
344.531 4.0505 
344.531 3.96619 
344.531 3.88187 
344.531 3.79756 
344.531 3.71325 
344.531 3.62894 
344.531 3.54462 
344.531 3.46031 
344.531 3.376 
344.531 3.56275 
344.531 3.7495 
344.531 3.93625 
344.531 4.123 
344.531 4.30975 
344.531 4.4965 
344.531 4.68325 
344.531 4.87 
344.531 5.05675 
344.531 5.2435 
344.531 5.43025 
344.531 5.617 
344.531 5.80375 
344.531 5.9905 
344.531 6.17725 
344.531 6.364 
344.531 6.29944 
344.531 6.23487 
344.531 6.17031 
344.531 6.10575 
344.531 6.04119 
344.531 5.97663 
344.531 5.91206 
344.531 5.8475 
344.531 5.78294 
344.531 5.71837 
344.531 5.65381 
344.531 5.58925 
344.531 5.52469 
344.531 5.46013 
344.531 5.39556 

