344.531 6.692 
344.531 6.847 
344.531 7.002 
344.531 7.157 
344.531 7.312 
344.531 7.467 
344.531 7.622 
344.531 7.777 
344.531 7.932 
344.531 8.087 
344.531 8.242 
344.531 8.397 
344.531 8.552 
344.531 8.707 
344.531 8.862 
344.531 9.017 
344.531 9.96 
344.531 9.89819 
344.531 9.83638 
344.531 9.77456 
344.531 9.71275 
344.531 9.65094 
344.531 9.58913 
344.531 9.52731 
344.531 9.4655 
344.531 9.40369 
344.531 9.34188 
344.531 9.28006 
344.531 9.21825 
344.531 9.15644 
344.531 9.09463 
344.531 9.03281 
344.531 23.175 
344.531 23.1196 
344.531 23.0641 
344.531 23.0087 
344.531 22.9533 
344.531 22.8978 
344.531 22.8424 
344.531 22.7869 
344.531 22.7315 
344.531 22.6761 
344.531 22.6206 
344.531 22.5652 
344.531 22.5098 
344.531 22.4543 
344.531 22.3989 
344.531 22.3434 
344.531 7.972 
344.531 8.03475 
344.531 8.0975 
344.531 8.16025 
344.531 8.223 
344.531 8.28575 
344.531 8.3485 
344.531 8.41125 
344.531 8.474 
344.531 8.53675 
344.531 8.5995 
344.531 8.66225 
344.531 8.725 
344.531 8.78775 
344.531 8.8505 
344.531 8.91325 
344.531 2.183 
344.531 2.11419 
344.531 2.04537 
344.531 1.97656 
344.531 1.90775 
344.531 1.83894 
344.531 1.77012 
344.531 1.70131 
344.531 1.6325 
344.531 1.56369 
344.531 1.49487 
344.531 1.42606 
344.531 1.35725 
344.531 1.28844 
344.531 1.21962 
344.531 1.15081 
344.531 18.206 
344.531 18.3271 
344.531 18.4481 
344.531 18.5692 
344.531 18.6902 
344.531 18.8113 
344.531 18.9324 
344.531 19.0534 
344.531 19.1745 
344.531 19.2956 
344.531 19.4166 
344.531 19.5377 
344.531 19.6587 
344.531 19.7798 
344.531 19.9009 
344.531 20.0219 
344.531 2.378 
344.531 2.26588 
344.531 2.15375 
344.531 2.04163 
344.531 1.9295 
344.531 1.81738 
344.531 1.70525 
344.531 1.59313 
344.531 1.481 
344.531 1.36888 
344.531 1.25675 
344.531 1.14463 
344.531 1.0325 
344.531 0.920375 
344.531 0.80825 
344.531 0.696125 
344.531 1.543 
344.531 1.45894 
344.531 1.37487 
344.531 1.29081 
344.531 1.20675 
344.531 1.12269 
344.531 1.03862 
344.531 0.954562 
344.531 0.8705 
344.531 0.786437 
344.531 0.702375 
344.531 0.618312 
344.531 0.53425 
344.531 0.450187 
344.531 0.366125 
344.531 0.282062 

