344.531 3.066 
344.531 3.17144 
344.531 3.27687 
344.531 3.38231 
344.531 3.48775 
344.531 3.59319 
344.531 3.69862 
344.531 3.80406 
344.531 3.9095 
344.531 4.01494 
344.531 4.12038 
344.531 4.22581 
344.531 4.33125 
344.531 4.43669 
344.531 4.54213 
344.531 4.64756 
344.531 12.529 
344.531 12.4271 
344.531 12.3251 
344.531 12.2232 
344.531 12.1212 
344.531 12.0193 
344.531 11.9174 
344.531 11.8154 
344.531 11.7135 
344.531 11.6116 
344.531 11.5096 
344.531 11.4077 
344.531 11.3057 
344.531 11.2038 
344.531 11.1019 
344.531 10.9999 
344.531 24.15 
344.531 24.2286 
344.531 24.3072 
344.531 24.3859 
344.531 24.4645 
344.531 24.5431 
344.531 24.6217 
344.531 24.7004 
344.531 24.779 
344.531 24.8576 
344.531 24.9362 
344.531 25.0149 
344.531 25.0935 
344.531 25.1721 
344.531 25.2508 
344.531 25.3294 
344.531 6.741 
344.531 6.78231 
344.531 6.82362 
344.531 6.86494 
344.531 6.90625 
344.531 6.94756 
344.531 6.98888 
344.531 7.03019 
344.531 7.0715 
344.531 7.11281 
344.531 7.15412 
344.531 7.19544 
344.531 7.23675 
344.531 7.27806 
344.531 7.31937 
344.531 7.36069 
344.531 4.88 
344.531 4.91156 
344.531 4.94313 
344.531 4.97469 
344.531 5.00625 
344.531 5.03781 
344.531 5.06937 
344.531 5.10094 
344.531 5.1325 
344.531 5.16406 
344.531 5.19562 
344.531 5.22719 
344.531 5.25875 
344.531 5.29031 
344.531 5.32187 
344.531 5.35344 
344.531 17.853 
344.531 17.796 
344.531 17.739 
344.531 17.682 
344.531 17.625 
344.531 17.568 
344.531 17.511 
344.531 17.454 
344.531 17.397 
344.531 17.34 
344.531 17.283 
344.531 17.226 
344.531 17.169 
344.531 17.112 
344.531 17.055 
344.531 16.998 
344.531 2.684 
344.531 2.75719 
344.531 2.83038 
344.531 2.90356 
344.531 2.97675 
344.531 3.04994 
344.531 3.12312 
344.531 3.19631 
344.531 3.2695 
344.531 3.34269 
344.531 3.41587 
344.531 3.48906 
344.531 3.56225 
344.531 3.63544 
344.531 3.70863 
344.531 3.78181 
344.531 1.397 
344.531 1.29038 
344.531 1.18375 
344.531 1.07713 
344.531 0.9705 
344.531 0.863875 
344.531 0.75725 
344.531 0.650625 
344.531 0.544 
344.531 0.437375 
344.531 0.33075 
344.531 0.224125 
344.531 0.1175 
344.531 0.010875 
344.531 -0.09575 
344.531 -0.202375 

