344.531 3.794 
344.531 3.85419 
344.531 3.91438 
344.531 3.97456 
344.531 4.03475 
344.531 4.09494 
344.531 4.15512 
344.531 4.21531 
344.531 4.2755 
344.531 4.33569 
344.531 4.39588 
344.531 4.45606 
344.531 4.51625 
344.531 4.57644 
344.531 4.63663 
344.531 4.69681 
344.531 11.502 
344.531 11.5116 
344.531 11.5211 
344.531 11.5307 
344.531 11.5403 
344.531 11.5498 
344.531 11.5594 
344.531 11.5689 
344.531 11.5785 
344.531 11.5881 
344.531 11.5976 
344.531 11.6072 
344.531 11.6168 
344.531 11.6263 
344.531 11.6359 
344.531 11.6454 
344.531 22.636 
344.531 22.6246 
344.531 22.6131 
344.531 22.6017 
344.531 22.5902 
344.531 22.5788 
344.531 22.5674 
344.531 22.5559 
344.531 22.5445 
344.531 22.5331 
344.531 22.5216 
344.531 22.5102 
344.531 22.4987 
344.531 22.4873 
344.531 22.4759 
344.531 22.4644 
344.531 6.097 
344.531 6.0015 
344.531 5.906 
344.531 5.8105 
344.531 5.715 
344.531 5.6195 
344.531 5.524 
344.531 5.4285 
344.531 5.333 
344.531 5.2375 
344.531 5.142 
344.531 5.0465 
344.531 4.951 
344.531 4.8555 
344.531 4.76 
344.531 4.6645 
344.531 0.77 
344.531 0.881563 
344.531 0.993125 
344.531 1.10469 
344.531 1.21625 
344.531 1.32781 
344.531 1.43938 
344.531 1.55094 
344.531 1.6625 
344.531 1.77406 
344.531 1.88563 
344.531 1.99719 
344.531 2.10875 
344.531 2.22031 
344.531 2.33188 
344.531 2.44344 
344.531 22.759 
344.531 22.6635 
344.531 22.568 
344.531 22.4725 
344.531 22.377 
344.531 22.2815 
344.531 22.186 
344.531 22.0905 
344.531 21.995 
344.531 21.8995 
344.531 21.804 
344.531 21.7085 
344.531 21.613 
344.531 21.5175 
344.531 21.422 
344.531 21.3265 
344.531 2.902 
344.531 3.03838 
344.531 3.17475 
344.531 3.31113 
344.531 3.4475 
344.531 3.58387 
344.531 3.72025 
344.531 3.85663 
344.531 3.993 
344.531 4.12937 
344.531 4.26575 
344.531 4.40212 
344.531 4.5385 
344.531 4.67488 
344.531 4.81125 
344.531 4.94763 
344.531 1.153 
344.531 1.12175 
344.531 1.0905 
344.531 1.05925 
344.531 1.028 
344.531 0.99675 
344.531 0.9655 
344.531 0.93425 
344.531 0.903 
344.531 0.87175 
344.531 0.8405 
344.531 0.80925 
344.531 0.778 
344.531 0.74675 
344.531 0.7155 
344.531 0.68425 

