344.531 3.16 
344.531 3.28231 
344.531 3.40463 
344.531 3.52694 
344.531 3.64925 
344.531 3.77156 
344.531 3.89387 
344.531 4.01619 
344.531 4.1385 
344.531 4.26081 
344.531 4.38312 
344.531 4.50544 
344.531 4.62775 
344.531 4.75006 
344.531 4.87237 
344.531 4.99469 
344.531 5.117 
344.531 5.02119 
344.531 4.92537 
344.531 4.82956 
344.531 4.73375 
344.531 4.63794 
344.531 4.54213 
344.531 4.44631 
344.531 4.3505 
344.531 4.25469 
344.531 4.15888 
344.531 4.06306 
344.531 3.96725 
344.531 3.87144 
344.531 3.77562 
344.531 3.67981 
344.531 3.584 
344.531 3.59669 
344.531 3.60938 
344.531 3.62206 
344.531 3.63475 
344.531 3.64744 
344.531 3.66012 
344.531 3.67281 
344.531 3.6855 
344.531 3.69819 
344.531 3.71088 
344.531 3.72356 
344.531 3.73625 
344.531 3.74894 
344.531 3.76162 
344.531 3.77431 
344.531 3.787 
344.531 3.80812 
344.531 3.82925 
344.531 3.85038 
344.531 3.8715 
344.531 3.89262 
344.531 3.91375 
344.531 3.93487 
344.531 3.956 
344.531 3.97713 
344.531 3.99825 
344.531 4.01938 
344.531 4.0405 
344.531 4.06163 
344.531 4.08275 
344.531 4.10388 
344.531 4.125 
344.531 4.15719 
344.531 4.18938 
344.531 4.22156 
344.531 4.25375 
344.531 4.28594 
344.531 4.31813 
344.531 4.35031 
344.531 4.3825 
344.531 4.41469 
344.531 4.44687 
344.531 4.47906 
344.531 4.51125 
344.531 4.54344 
344.531 4.57562 
344.531 4.60781 
344.531 4.64 
344.531 4.572 
344.531 4.504 
344.531 4.436 
344.531 4.368 
344.531 4.3 
344.531 4.232 
344.531 4.164 
344.531 4.096 
344.531 4.028 
344.531 3.96 
344.531 3.892 
344.531 3.824 
344.531 3.756 
344.531 3.688 
344.531 3.62 
344.531 3.552 
344.531 3.71238 
344.531 3.87275 
344.531 4.03313 
344.531 4.1935 
344.531 4.35388 
344.531 4.51425 
344.531 4.67463 
344.531 4.835 
344.531 4.99538 
344.531 5.15575 
344.531 5.31613 
344.531 5.4765 
344.531 5.63687 
344.531 5.79725 
344.531 5.95763 
344.531 6.118 
344.531 6.03644 
344.531 5.95488 
344.531 5.87331 
344.531 5.79175 
344.531 5.71019 
344.531 5.62863 
344.531 5.54706 
344.531 5.4655 
344.531 5.38394 
344.531 5.30237 
344.531 5.22081 
344.531 5.13925 
344.531 5.05769 
344.531 4.97612 
344.531 4.89456 

