344.531 5.197 
344.531 5.1985 
344.531 5.2 
344.531 5.2015 
344.531 5.203 
344.531 5.2045 
344.531 5.206 
344.531 5.2075 
344.531 5.209 
344.531 5.2105 
344.531 5.212 
344.531 5.2135 
344.531 5.215 
344.531 5.2165 
344.531 5.218 
344.531 5.2195 
344.531 7.218 
344.531 7.24212 
344.531 7.26625 
344.531 7.29038 
344.531 7.3145 
344.531 7.33863 
344.531 7.36275 
344.531 7.38687 
344.531 7.411 
344.531 7.43513 
344.531 7.45925 
344.531 7.48337 
344.531 7.5075 
344.531 7.53163 
344.531 7.55575 
344.531 7.57988 
344.531 22.925 
344.531 22.8852 
344.531 22.8455 
344.531 22.8057 
344.531 22.766 
344.531 22.7263 
344.531 22.6865 
344.531 22.6468 
344.531 22.607 
344.531 22.5673 
344.531 22.5275 
344.531 22.4878 
344.531 22.448 
344.531 22.4083 
344.531 22.3685 
344.531 22.3287 
344.531 7.68 
344.531 7.67812 
344.531 7.67625 
344.531 7.67437 
344.531 7.6725 
344.531 7.67062 
344.531 7.66875 
344.531 7.66688 
344.531 7.665 
344.531 7.66312 
344.531 7.66125 
344.531 7.65937 
344.531 7.6575 
344.531 7.65562 
344.531 7.65375 
344.531 7.65187 
344.531 3.434 
344.531 3.37044 
344.531 3.30688 
344.531 3.24331 
344.531 3.17975 
344.531 3.11619 
344.531 3.05262 
344.531 2.98906 
344.531 2.9255 
344.531 2.86194 
344.531 2.79838 
344.531 2.73481 
344.531 2.67125 
344.531 2.60769 
344.531 2.54412 
344.531 2.48056 
344.531 12.874 
344.531 13.1003 
344.531 13.3265 
344.531 13.5527 
344.531 13.779 
344.531 14.0053 
344.531 14.2315 
344.531 14.4578 
344.531 14.684 
344.531 14.9103 
344.531 15.1365 
344.531 15.3628 
344.531 15.589 
344.531 15.8153 
344.531 16.0415 
344.531 16.2677 
344.531 2.324 
344.531 2.22181 
344.531 2.11963 
344.531 2.01744 
344.531 1.91525 
344.531 1.81306 
344.531 1.71087 
344.531 1.60869 
344.531 1.5065 
344.531 1.40431 
344.531 1.30212 
344.531 1.19994 
344.531 1.09775 
344.531 0.995563 
344.531 0.893375 
344.531 0.791187 
344.531 1.78 
344.531 1.77994 
344.531 1.77988 
344.531 1.77981 
344.531 1.77975 
344.531 1.77969 
344.531 1.77962 
344.531 1.77956 
344.531 1.7795 
344.531 1.77944 
344.531 1.77937 
344.531 1.77931 
344.531 1.77925 
344.531 1.77919 
344.531 1.77912 
344.531 1.77906 

