602.93 6.374 
602.93 6.18627 
602.93 5.99855 
602.93 5.81082 
602.93 5.62309 
602.93 5.43536 
602.93 5.24764 
602.93 5.05991 
602.93 4.87218 
602.93 4.68445 
602.93 4.49673 
602.93 4.309 
602.93 4.17345 
602.93 4.03791 
602.93 3.90236 
602.93 3.76682 
602.93 3.63127 
602.93 3.49573 
602.93 3.36018 
602.93 3.22464 
602.93 3.08909 
602.93 2.95355 
602.93 2.818 
602.93 3.88373 
602.93 4.94945 
602.93 6.01518 
602.93 7.08091 
602.93 8.14664 
602.93 9.21236 
602.93 10.2781 
602.93 11.3438 
602.93 12.4095 
602.93 13.4753 
602.93 14.541 
602.93 13.9778 
602.93 13.4146 
602.93 12.8515 
602.93 12.2883 
602.93 11.7251 
602.93 11.1619 
602.93 10.5987 
602.93 10.0355 
602.93 9.47236 
602.93 8.90918 
602.93 8.346 
602.93 7.68873 
602.93 7.03145 
602.93 6.37418 
602.93 5.71691 
602.93 5.05964 
602.93 4.40236 
602.93 3.74509 
602.93 3.08782 
602.93 2.43055 
602.93 1.77327 
602.93 1.116 
602.93 1.22127 
602.93 1.32655 
602.93 1.43182 
602.93 1.53709 
602.93 1.64236 
602.93 1.74764 
602.93 1.85291 
602.93 1.95818 
602.93 2.06345 
602.93 2.16873 
602.93 2.274 
602.93 3.66745 
602.93 5.06091 
602.93 6.45436 
602.93 7.84782 
602.93 9.24127 
602.93 10.6347 
602.93 12.0282 
602.93 13.4216 
602.93 14.8151 
602.93 16.2085 
602.93 17.602 
602.93 16.1001 
602.93 14.5982 
602.93 13.0963 
602.93 11.5944 
602.93 10.0925 
602.93 8.59055 
602.93 7.08864 
602.93 5.58673 
602.93 4.08482 
602.93 2.58291 

