602.93 6.756 
602.93 6.45464 
602.93 6.15327 
602.93 5.85191 
602.93 5.55055 
602.93 5.24918 
602.93 4.94782 
602.93 4.64645 
602.93 4.34509 
602.93 4.04373 
602.93 3.74236 
602.93 3.441 
602.93 3.263 
602.93 3.085 
602.93 2.907 
602.93 2.729 
602.93 2.551 
602.93 2.373 
602.93 2.195 
602.93 2.017 
602.93 1.839 
602.93 1.661 
602.93 1.483 
602.93 2.93518 
602.93 4.38736 
602.93 5.83955 
602.93 7.29173 
602.93 8.74391 
602.93 10.1961 
602.93 11.6483 
602.93 13.1005 
602.93 14.5526 
602.93 16.0048 
602.93 17.457 
602.93 16.5879 
602.93 15.7188 
602.93 14.8497 
602.93 13.9806 
602.93 13.1115 
602.93 12.2425 
602.93 11.3734 
602.93 10.5043 
602.93 9.63518 
602.93 8.76609 
602.93 7.897 
602.93 7.42791 
602.93 6.95882 
602.93 6.48973 
602.93 6.02064 
602.93 5.55155 
602.93 5.08245 
602.93 4.61336 
602.93 4.14427 
602.93 3.67518 
602.93 3.20609 
602.93 2.737 
602.93 2.68073 
602.93 2.62445 
602.93 2.56818 
602.93 2.51191 
602.93 2.45564 
602.93 2.39936 
602.93 2.34309 
602.93 2.28682 
602.93 2.23055 
602.93 2.17427 
602.93 2.118 
602.93 3.51673 
602.93 4.91545 
602.93 6.31418 
602.93 7.71291 
602.93 9.11164 
602.93 10.5104 
602.93 11.9091 
602.93 13.3078 
602.93 14.7065 
602.93 16.1053 
602.93 17.504 
602.93 16.0202 
602.93 14.5364 
602.93 13.0525 
602.93 11.5687 
602.93 10.0849 
602.93 8.60109 
602.93 7.11727 
602.93 5.63345 
602.93 4.14964 
602.93 2.66582 

