602.93 5.419 
602.93 5.45582 
602.93 5.49264 
602.93 5.52945 
602.93 5.56627 
602.93 5.60309 
602.93 5.63991 
602.93 5.67673 
602.93 5.71355 
602.93 5.75036 
602.93 5.78718 
602.93 5.824 
602.93 5.58682 
602.93 5.34964 
602.93 5.11245 
602.93 4.87527 
602.93 4.63809 
602.93 4.40091 
602.93 4.16373 
602.93 3.92655 
602.93 3.68936 
602.93 3.45218 
602.93 3.215 
602.93 4.43764 
602.93 5.66027 
602.93 6.88291 
602.93 8.10555 
602.93 9.32818 
602.93 10.5508 
602.93 11.7735 
602.93 12.9961 
602.93 14.2187 
602.93 15.4414 
602.93 16.664 
602.93 15.9127 
602.93 15.1615 
602.93 14.4102 
602.93 13.6589 
602.93 12.9076 
602.93 12.1564 
602.93 11.4051 
602.93 10.6538 
602.93 9.90255 
602.93 9.15127 
602.93 8.4 
602.93 7.91109 
602.93 7.42218 
602.93 6.93327 
602.93 6.44436 
602.93 5.95545 
602.93 5.46655 
602.93 4.97764 
602.93 4.48873 
602.93 3.99982 
602.93 3.51091 
602.93 3.022 
602.93 2.93582 
602.93 2.84964 
602.93 2.76345 
602.93 2.67727 
602.93 2.59109 
602.93 2.50491 
602.93 2.41873 
602.93 2.33255 
602.93 2.24636 
602.93 2.16018 
602.93 2.074 
602.93 3.30109 
602.93 4.52818 
602.93 5.75527 
602.93 6.98236 
602.93 8.20945 
602.93 9.43655 
602.93 10.6636 
602.93 11.8907 
602.93 13.1178 
602.93 14.3449 
602.93 15.572 
602.93 14.2525 
602.93 12.9331 
602.93 11.6136 
602.93 10.2942 
602.93 8.97473 
602.93 7.65527 
602.93 6.33582 
602.93 5.01636 
602.93 3.69691 
602.93 2.37745 

