602.93 6.599 
602.93 6.47764 
602.93 6.35627 
602.93 6.23491 
602.93 6.11355 
602.93 5.99218 
602.93 5.87082 
602.93 5.74945 
602.93 5.62809 
602.93 5.50673 
602.93 5.38536 
602.93 5.264 
602.93 4.94964 
602.93 4.63527 
602.93 4.32091 
602.93 4.00655 
602.93 3.69218 
602.93 3.37782 
602.93 3.06345 
602.93 2.74909 
602.93 2.43473 
602.93 2.12036 
602.93 1.806 
602.93 3.12145 
602.93 4.43691 
602.93 5.75236 
602.93 7.06782 
602.93 8.38327 
602.93 9.69873 
602.93 11.0142 
602.93 12.3296 
602.93 13.6451 
602.93 14.9605 
602.93 16.276 
602.93 15.5118 
602.93 14.7476 
602.93 13.9835 
602.93 13.2193 
602.93 12.4551 
602.93 11.6909 
602.93 10.9267 
602.93 10.1625 
602.93 9.39836 
602.93 8.63418 
602.93 7.87 
602.93 7.275 
602.93 6.68 
602.93 6.085 
602.93 5.49 
602.93 4.895 
602.93 4.3 
602.93 3.705 
602.93 3.11 
602.93 2.515 
602.93 1.92 
602.93 1.325 
602.93 1.40018 
602.93 1.47536 
602.93 1.55055 
602.93 1.62573 
602.93 1.70091 
602.93 1.77609 
602.93 1.85127 
602.93 1.92645 
602.93 2.00164 
602.93 2.07682 
602.93 2.152 
602.93 3.56382 
602.93 4.97564 
602.93 6.38745 
602.93 7.79927 
602.93 9.21109 
602.93 10.6229 
602.93 12.0347 
602.93 13.4465 
602.93 14.8584 
602.93 16.2702 
602.93 17.682 
602.93 16.1758 
602.93 14.6696 
602.93 13.1635 
602.93 11.6573 
602.93 10.1511 
602.93 8.64491 
602.93 7.13873 
602.93 5.63255 
602.93 4.12636 
602.93 2.62018 

