602.93 6.739 
602.93 6.50436 
602.93 6.26973 
602.93 6.03509 
602.93 5.80045 
602.93 5.56582 
602.93 5.33118 
602.93 5.09655 
602.93 4.86191 
602.93 4.62727 
602.93 4.39264 
602.93 4.158 
602.93 4.03964 
602.93 3.92127 
602.93 3.80291 
602.93 3.68455 
602.93 3.56618 
602.93 3.44782 
602.93 3.32945 
602.93 3.21109 
602.93 3.09273 
602.93 2.97436 
602.93 2.856 
602.93 3.91655 
602.93 4.97709 
602.93 6.03764 
602.93 7.09818 
602.93 8.15873 
602.93 9.21927 
602.93 10.2798 
602.93 11.3404 
602.93 12.4009 
602.93 13.4615 
602.93 14.522 
602.93 13.9219 
602.93 13.3218 
602.93 12.7217 
602.93 12.1216 
602.93 11.5215 
602.93 10.9215 
602.93 10.3214 
602.93 9.72127 
602.93 9.12118 
602.93 8.52109 
602.93 7.921 
602.93 7.31464 
602.93 6.70827 
602.93 6.10191 
602.93 5.49555 
602.93 4.88918 
602.93 4.28282 
602.93 3.67645 
602.93 3.07009 
602.93 2.46373 
602.93 1.85736 
602.93 1.251 
602.93 1.32355 
602.93 1.39609 
602.93 1.46864 
602.93 1.54118 
602.93 1.61373 
602.93 1.68627 
602.93 1.75882 
602.93 1.83136 
602.93 1.90391 
602.93 1.97645 
602.93 2.049 
602.93 3.49373 
602.93 4.93845 
602.93 6.38318 
602.93 7.82791 
602.93 9.27264 
602.93 10.7174 
602.93 12.1621 
602.93 13.6068 
602.93 15.0515 
602.93 16.4963 
602.93 17.941 
602.93 16.4165 
602.93 14.8919 
602.93 13.3674 
602.93 11.8428 
602.93 10.3183 
602.93 8.79373 
602.93 7.26918 
602.93 5.74464 
602.93 4.22009 
602.93 2.69555 

