602.93 5.42 
602.93 5.534 
602.93 5.648 
602.93 5.762 
602.93 5.876 
602.93 5.99 
602.93 6.104 
602.93 6.218 
602.93 6.332 
602.93 6.446 
602.93 6.56 
602.93 6.674 
602.93 6.22255 
602.93 5.77109 
602.93 5.31964 
602.93 4.86818 
602.93 4.41673 
602.93 3.96527 
602.93 3.51382 
602.93 3.06236 
602.93 2.61091 
602.93 2.15945 
602.93 1.708 
602.93 3.08873 
602.93 4.46945 
602.93 5.85018 
602.93 7.23091 
602.93 8.61164 
602.93 9.99236 
602.93 11.3731 
602.93 12.7538 
602.93 14.1345 
602.93 15.5153 
602.93 16.896 
602.93 16.0778 
602.93 15.2596 
602.93 14.4415 
602.93 13.6233 
602.93 12.8051 
602.93 11.9869 
602.93 11.1687 
602.93 10.3505 
602.93 9.53236 
602.93 8.71418 
602.93 7.896 
602.93 7.38018 
602.93 6.86436 
602.93 6.34855 
602.93 5.83273 
602.93 5.31691 
602.93 4.80109 
602.93 4.28527 
602.93 3.76945 
602.93 3.25364 
602.93 2.73782 
602.93 2.222 
602.93 2.22618 
602.93 2.23036 
602.93 2.23455 
602.93 2.23873 
602.93 2.24291 
602.93 2.24709 
602.93 2.25127 
602.93 2.25545 
602.93 2.25964 
602.93 2.26382 
602.93 2.268 
602.93 3.81445 
602.93 5.36091 
602.93 6.90736 
602.93 8.45382 
602.93 10.0003 
602.93 11.5467 
602.93 13.0932 
602.93 14.6396 
602.93 16.1861 
602.93 17.7325 
602.93 19.279 
602.93 17.6288 
602.93 15.9786 
602.93 14.3285 
602.93 12.6783 
602.93 11.0281 
602.93 9.37791 
602.93 7.72773 
602.93 6.07755 
602.93 4.42736 
602.93 2.77718 

