602.93 7.643 
602.93 7.50855 
602.93 7.37409 
602.93 7.23964 
602.93 7.10518 
602.93 6.97073 
602.93 6.83627 
602.93 6.70182 
602.93 6.56736 
602.93 6.43291 
602.93 6.29845 
602.93 6.164 
602.93 5.79282 
602.93 5.42164 
602.93 5.05045 
602.93 4.67927 
602.93 4.30809 
602.93 3.93691 
602.93 3.56573 
602.93 3.19455 
602.93 2.82336 
602.93 2.45218 
602.93 2.081 
602.93 3.28927 
602.93 4.49755 
602.93 5.70582 
602.93 6.91409 
602.93 8.12236 
602.93 9.33064 
602.93 10.5389 
602.93 11.7472 
602.93 12.9555 
602.93 14.1637 
602.93 15.372 
602.93 14.7456 
602.93 14.1193 
602.93 13.4929 
602.93 12.8665 
602.93 12.2402 
602.93 11.6138 
602.93 10.9875 
602.93 10.3611 
602.93 9.73473 
602.93 9.10836 
602.93 8.482 
602.93 7.95382 
602.93 7.42564 
602.93 6.89745 
602.93 6.36927 
602.93 5.84109 
602.93 5.31291 
602.93 4.78473 
602.93 4.25655 
602.93 3.72836 
602.93 3.20018 
602.93 2.672 
602.93 2.62518 
602.93 2.57836 
602.93 2.53155 
602.93 2.48473 
602.93 2.43791 
602.93 2.39109 
602.93 2.34427 
602.93 2.29745 
602.93 2.25064 
602.93 2.20382 
602.93 2.157 
602.93 3.59455 
602.93 5.03209 
602.93 6.46964 
602.93 7.90718 
602.93 9.34473 
602.93 10.7823 
602.93 12.2198 
602.93 13.6574 
602.93 15.0949 
602.93 16.5325 
602.93 17.97 
602.93 16.4239 
602.93 14.8778 
602.93 13.3317 
602.93 11.7856 
602.93 10.2395 
602.93 8.69345 
602.93 7.14736 
602.93 5.60127 
602.93 4.05518 
602.93 2.50909 

