602.93 5.621 
602.93 5.60745 
602.93 5.59391 
602.93 5.58036 
602.93 5.56682 
602.93 5.55327 
602.93 5.53973 
602.93 5.52618 
602.93 5.51264 
602.93 5.49909 
602.93 5.48555 
602.93 5.472 
602.93 5.33055 
602.93 5.18909 
602.93 5.04764 
602.93 4.90618 
602.93 4.76473 
602.93 4.62327 
602.93 4.48182 
602.93 4.34036 
602.93 4.19891 
602.93 4.05745 
602.93 3.916 
602.93 5.17982 
602.93 6.44364 
602.93 7.70745 
602.93 8.97127 
602.93 10.2351 
602.93 11.4989 
602.93 12.7627 
602.93 14.0265 
602.93 15.2904 
602.93 16.5542 
602.93 17.818 
602.93 16.9765 
602.93 16.1349 
602.93 15.2934 
602.93 14.4518 
602.93 13.6103 
602.93 12.7687 
602.93 11.9272 
602.93 11.0856 
602.93 10.2441 
602.93 9.40255 
602.93 8.561 
602.93 7.96091 
602.93 7.36082 
602.93 6.76073 
602.93 6.16064 
602.93 5.56055 
602.93 4.96045 
602.93 4.36036 
602.93 3.76027 
602.93 3.16018 
602.93 2.56009 
602.93 1.96 
602.93 2.01091 
602.93 2.06182 
602.93 2.11273 
602.93 2.16364 
602.93 2.21455 
602.93 2.26545 
602.93 2.31636 
602.93 2.36727 
602.93 2.41818 
602.93 2.46909 
602.93 2.52 
602.93 3.74445 
602.93 4.96891 
602.93 6.19336 
602.93 7.41782 
602.93 8.64227 
602.93 9.86673 
602.93 11.0912 
602.93 12.3156 
602.93 13.5401 
602.93 14.7645 
602.93 15.989 
602.93 14.6429 
602.93 13.2968 
602.93 11.9507 
602.93 10.6046 
602.93 9.25855 
602.93 7.91245 
602.93 6.56636 
602.93 5.22027 
602.93 3.87418 
602.93 2.52809 

