602.93 6.148 
602.93 6.00718 
602.93 5.86636 
602.93 5.72555 
602.93 5.58473 
602.93 5.44391 
602.93 5.30309 
602.93 5.16227 
602.93 5.02145 
602.93 4.88064 
602.93 4.73982 
602.93 4.599 
602.93 4.46709 
602.93 4.33518 
602.93 4.20327 
602.93 4.07136 
602.93 3.93945 
602.93 3.80755 
602.93 3.67564 
602.93 3.54373 
602.93 3.41182 
602.93 3.27991 
602.93 3.148 
602.93 4.55109 
602.93 5.95418 
602.93 7.35727 
602.93 8.76036 
602.93 10.1635 
602.93 11.5665 
602.93 12.9696 
602.93 14.3727 
602.93 15.7758 
602.93 17.1789 
602.93 18.582 
602.93 17.6012 
602.93 16.6204 
602.93 15.6395 
602.93 14.6587 
602.93 13.6779 
602.93 12.6971 
602.93 11.7163 
602.93 10.7355 
602.93 9.75464 
602.93 8.77382 
602.93 7.793 
602.93 7.32318 
602.93 6.85336 
602.93 6.38355 
602.93 5.91373 
602.93 5.44391 
602.93 4.97409 
602.93 4.50427 
602.93 4.03445 
602.93 3.56464 
602.93 3.09482 
602.93 2.625 
602.93 2.58682 
602.93 2.54864 
602.93 2.51045 
602.93 2.47227 
602.93 2.43409 
602.93 2.39591 
602.93 2.35773 
602.93 2.31955 
602.93 2.28136 
602.93 2.24318 
602.93 2.205 
602.93 3.59509 
602.93 4.98518 
602.93 6.37527 
602.93 7.76536 
602.93 9.15545 
602.93 10.5455 
602.93 11.9356 
602.93 13.3257 
602.93 14.7158 
602.93 16.1059 
602.93 17.496 
602.93 16.0016 
602.93 14.5073 
602.93 13.0129 
602.93 11.5185 
602.93 10.0242 
602.93 8.52982 
602.93 7.03545 
602.93 5.54109 
602.93 4.04673 
602.93 2.55236 

