602.93 5.292 
602.93 5.33475 
602.93 5.3775 
602.93 5.42025 
602.93 5.463 
602.93 5.50575 
602.93 5.5485 
602.93 5.59125 
602.93 5.634 
602.93 5.67675 
602.93 5.7195 
602.93 5.76225 
602.93 5.805 
602.93 5.84775 
602.93 5.8905 
602.93 5.93325 
602.93 8.43 
602.93 8.4905 
602.93 8.551 
602.93 8.6115 
602.93 8.672 
602.93 8.7325 
602.93 8.793 
602.93 8.8535 
602.93 8.914 
602.93 8.9745 
602.93 9.035 
602.93 9.0955 
602.93 9.156 
602.93 9.2165 
602.93 9.277 
602.93 9.3375 
602.93 2.131 
602.93 2.157 
602.93 2.183 
602.93 2.209 
602.93 2.235 
602.93 2.261 
602.93 2.287 
602.93 2.313 
602.93 2.339 
602.93 2.365 
602.93 2.391 
602.93 2.417 
602.93 2.443 
602.93 2.469 
602.93 2.495 
602.93 2.521 
602.93 17.212 
602.93 17.0953 
602.93 16.9786 
602.93 16.8619 
602.93 16.7452 
602.93 16.6286 
602.93 16.5119 
602.93 16.3952 
602.93 16.2785 
602.93 16.1618 
602.93 16.0451 
602.93 15.9284 
602.93 15.8117 
602.93 15.6951 
602.93 15.5784 
602.93 15.4617 
602.93 8.536 
602.93 8.72525 
602.93 8.9145 
602.93 9.10375 
602.93 9.293 
602.93 9.48225 
602.93 9.6715 
602.93 9.86075 
602.93 10.05 
602.93 10.2393 
602.93 10.4285 
602.93 10.6177 
602.93 10.807 
602.93 10.9962 
602.93 11.1855 
602.93 11.3747 
602.93 2.614 
602.93 2.49494 
602.93 2.37587 
602.93 2.25681 
602.93 2.13775 
602.93 2.01869 
602.93 1.89962 
602.93 1.78056 
602.93 1.6615 
602.93 1.54244 
602.93 1.42337 
602.93 1.30431 
602.93 1.18525 
602.93 1.06619 
602.93 0.947125 
602.93 0.828062 
602.93 2.012 
602.93 2.216 
602.93 2.42 
602.93 2.624 
602.93 2.828 
602.93 3.032 
602.93 3.236 
602.93 3.44 
602.93 3.644 
602.93 3.848 
602.93 4.052 
602.93 4.256 
602.93 4.46 
602.93 4.664 
602.93 4.868 
602.93 5.072 
602.93 16.014 
602.93 15.9499 
602.93 15.8859 
602.93 15.8218 
602.93 15.7577 
602.93 15.6937 
602.93 15.6296 
602.93 15.5656 
602.93 15.5015 
602.93 15.4374 
602.93 15.3734 
602.93 15.3093 
602.93 15.2452 
602.93 15.1812 
602.93 15.1171 
602.93 15.0531 

