602.93 2.465 
602.93 2.45706 
602.93 2.44912 
602.93 2.44119 
602.93 2.43325 
602.93 2.42531 
602.93 2.41737 
602.93 2.40944 
602.93 2.4015 
602.93 2.39356 
602.93 2.38563 
602.93 2.37769 
602.93 2.36975 
602.93 2.36181 
602.93 2.35387 
602.93 2.34594 
602.93 2.338 
602.93 2.4315 
602.93 2.525 
602.93 2.6185 
602.93 2.712 
602.93 2.8055 
602.93 2.899 
602.93 2.9925 
602.93 3.086 
602.93 3.1795 
602.93 3.273 
602.93 3.3665 
602.93 3.46 
602.93 3.5535 
602.93 3.647 
602.93 3.7405 
602.93 3.834 
602.93 3.82719 
602.93 3.82038 
602.93 3.81356 
602.93 3.80675 
602.93 3.79994 
602.93 3.79312 
602.93 3.78631 
602.93 3.7795 
602.93 3.77269 
602.93 3.76588 
602.93 3.75906 
602.93 3.75225 
602.93 3.74544 
602.93 3.73862 
602.93 3.73181 
602.93 3.725 
602.93 3.65344 
602.93 3.58188 
602.93 3.51031 
602.93 3.43875 
602.93 3.36719 
602.93 3.29563 
602.93 3.22406 
602.93 3.1525 
602.93 3.08094 
602.93 3.00938 
602.93 2.93781 
602.93 2.86625 
602.93 2.79469 
602.93 2.72313 
602.93 2.65156 
602.93 2.58 
602.93 2.71837 
602.93 2.85675 
602.93 2.99512 
602.93 3.1335 
602.93 3.27187 
602.93 3.41025 
602.93 3.54862 
602.93 3.687 
602.93 3.82537 
602.93 3.96375 
602.93 4.10213 
602.93 4.2405 
602.93 4.37887 
602.93 4.51725 
602.93 4.65562 
602.93 4.794 
602.93 4.78987 
602.93 4.78575 
602.93 4.78163 
602.93 4.7775 
602.93 4.77337 
602.93 4.76925 
602.93 4.76512 
602.93 4.761 
602.93 4.75687 
602.93 4.75275 
602.93 4.74862 
602.93 4.7445 
602.93 4.74037 
602.93 4.73625 
602.93 4.73212 
602.93 4.728 
602.93 4.777 
602.93 4.826 
602.93 4.875 
602.93 4.924 
602.93 4.973 
602.93 5.022 
602.93 5.071 
602.93 5.12 
602.93 5.169 
602.93 5.218 
602.93 5.267 
602.93 5.316 
602.93 5.365 
602.93 5.414 
602.93 5.463 
602.93 5.512 
602.93 5.52831 
602.93 5.54462 
602.93 5.56094 
602.93 5.57725 
602.93 5.59356 
602.93 5.60987 
602.93 5.62619 
602.93 5.6425 
602.93 5.65881 
602.93 5.67512 
602.93 5.69144 
602.93 5.70775 
602.93 5.72406 
602.93 5.74037 
602.93 5.75669 

