602.93 2.491 
602.93 2.56025 
602.93 2.6295 
602.93 2.69875 
602.93 2.768 
602.93 2.83725 
602.93 2.9065 
602.93 2.97575 
602.93 3.045 
602.93 3.11425 
602.93 3.1835 
602.93 3.25275 
602.93 3.322 
602.93 3.39125 
602.93 3.4605 
602.93 3.52975 
602.93 3.599 
602.93 3.61869 
602.93 3.63838 
602.93 3.65806 
602.93 3.67775 
602.93 3.69744 
602.93 3.71713 
602.93 3.73681 
602.93 3.7565 
602.93 3.77619 
602.93 3.79588 
602.93 3.81556 
602.93 3.83525 
602.93 3.85494 
602.93 3.87462 
602.93 3.89431 
602.93 3.914 
602.93 3.92706 
602.93 3.94013 
602.93 3.95319 
602.93 3.96625 
602.93 3.97931 
602.93 3.99238 
602.93 4.00544 
602.93 4.0185 
602.93 4.03156 
602.93 4.04462 
602.93 4.05769 
602.93 4.07075 
602.93 4.08381 
602.93 4.09687 
602.93 4.10994 
602.93 4.123 
602.93 4.04462 
602.93 3.96625 
602.93 3.88788 
602.93 3.8095 
602.93 3.73113 
602.93 3.65275 
602.93 3.57438 
602.93 3.496 
602.93 3.41763 
602.93 3.33925 
602.93 3.26088 
602.93 3.1825 
602.93 3.10413 
602.93 3.02575 
602.93 2.94738 
602.93 2.869 
602.93 3.01925 
602.93 3.1695 
602.93 3.31975 
602.93 3.47 
602.93 3.62025 
602.93 3.7705 
602.93 3.92075 
602.93 4.071 
602.93 4.22125 
602.93 4.3715 
602.93 4.52175 
602.93 4.672 
602.93 4.82225 
602.93 4.9725 
602.93 5.12275 
602.93 5.273 
602.93 5.16556 
602.93 4.96412 
602.93 5.12779 
602.93 5.1152 
602.93 5.10261 
602.93 5.09002 
602.93 5.07743 
602.93 5.06484 
602.93 5.05225 
602.93 5.03966 
602.93 5.02707 
602.93 5.01448 
602.93 5.00189 
602.93 4.9893 
602.93 4.97671 
602.93 4.96412 
602.93 4.97435 
602.93 4.98458 
602.93 4.99481 
602.93 5.00504 
602.93 5.01527 
602.93 5.0255 
602.93 5.03572 
602.93 5.04595 
602.93 5.05618 
602.93 5.06641 
602.93 5.07664 
602.93 5.08687 
602.93 5.0971 
602.93 5.10733 
602.93 5.11756 
602.93 5.12779 
602.93 5.127 
602.93 5.12622 
602.93 5.12543 
602.93 5.12464 
602.93 5.12386 
602.93 5.12307 
602.93 5.12228 
602.93 5.1215 
602.93 5.12071 
602.93 5.11992 
602.93 5.11914 
602.93 5.11835 
602.93 5.11756 
602.93 5.11677 
602.93 5.11599 

