602.93 1.635 
602.93 1.72475 
602.93 1.8145 
602.93 1.90425 
602.93 1.994 
602.93 2.08375 
602.93 2.1735 
602.93 2.26325 
602.93 2.353 
602.93 2.44275 
602.93 2.5325 
602.93 2.62225 
602.93 2.712 
602.93 2.80175 
602.93 2.8915 
602.93 2.98125 
602.93 3.071 
602.93 3.18088 
602.93 3.29075 
602.93 3.40063 
602.93 3.5105 
602.93 3.62038 
602.93 3.73025 
602.93 3.84013 
602.93 3.95 
602.93 4.05987 
602.93 4.16975 
602.93 4.27962 
602.93 4.3895 
602.93 4.49937 
602.93 4.60925 
602.93 4.71913 
602.93 4.829 
602.93 4.76531 
602.93 4.70162 
602.93 4.63794 
602.93 4.57425 
602.93 4.51056 
602.93 4.44687 
602.93 4.38319 
602.93 4.3195 
602.93 4.25581 
602.93 4.19212 
602.93 4.12844 
602.93 4.06475 
602.93 4.00106 
602.93 3.93738 
602.93 3.87369 
602.93 3.81 
602.93 3.79631 
602.93 3.78262 
602.93 3.76894 
602.93 3.75525 
602.93 3.74156 
602.93 3.72788 
602.93 3.71419 
602.93 3.7005 
602.93 3.68681 
602.93 3.67313 
602.93 3.65944 
602.93 3.64575 
602.93 3.63206 
602.93 3.61838 
602.93 3.60469 
602.93 3.591 
602.93 3.70325 
602.93 3.8155 
602.93 3.92775 
602.93 4.04 
602.93 4.15225 
602.93 4.2645 
602.93 4.37675 
602.93 4.489 
602.93 4.60125 
602.93 4.7135 
602.93 4.82575 
602.93 4.938 
602.93 5.05025 
602.93 5.1625 
602.93 5.27475 
602.93 5.387 
602.93 5.2765 
602.93 5.166 
602.93 5.0555 
602.93 4.945 
602.93 4.8345 
602.93 4.724 
602.93 4.6135 
602.93 4.503 
602.93 4.3925 
602.93 4.282 
602.93 4.1715 
602.93 4.061 
602.93 3.9505 
602.93 3.84 
602.93 3.7295 
602.93 3.619 
602.93 3.71569 
602.93 3.81238 
602.93 3.90906 
602.93 4.00575 
602.93 4.10244 
602.93 4.19913 
602.93 4.29581 
602.93 4.3925 
602.93 4.48919 
602.93 4.58588 
602.93 4.68256 
602.93 4.77925 
602.93 4.87594 
602.93 4.97263 
602.93 5.06931 
602.93 5.166 
602.93 5.13331 
602.93 5.10062 
602.93 5.06794 
602.93 5.03525 
602.93 5.00256 
602.93 4.96988 
602.93 4.93719 
602.93 4.9045 
602.93 4.87181 
602.93 4.83913 
602.93 4.80644 
602.93 4.77375 
602.93 4.74106 
602.93 4.70838 
602.93 4.67569 

