602.93 3.507 
602.93 3.57856 
602.93 3.65013 
602.93 3.72169 
602.93 3.79325 
602.93 3.86481 
602.93 3.93637 
602.93 4.00794 
602.93 4.0795 
602.93 4.15106 
602.93 4.22262 
602.93 4.29419 
602.93 4.36575 
602.93 4.43731 
602.93 4.50887 
602.93 4.58044 
602.93 4.24 
602.93 4.32856 
602.93 4.41713 
602.93 4.50569 
602.93 4.59425 
602.93 4.68281 
602.93 4.77137 
602.93 4.85994 
602.93 4.9485 
602.93 5.03706 
602.93 5.12563 
602.93 5.21419 
602.93 5.30275 
602.93 5.39131 
602.93 5.47987 
602.93 5.56844 
602.93 3.396 
602.93 3.35337 
602.93 3.31075 
602.93 3.26812 
602.93 3.2255 
602.93 3.18288 
602.93 3.14025 
602.93 3.09763 
602.93 3.055 
602.93 3.01238 
602.93 2.96975 
602.93 2.92713 
602.93 2.8845 
602.93 2.84188 
602.93 2.79925 
602.93 2.75663 
602.93 21.238 
602.93 21.2307 
602.93 21.2234 
602.93 21.2161 
602.93 21.2087 
602.93 21.2014 
602.93 21.1941 
602.93 21.1868 
602.93 21.1795 
602.93 21.1722 
602.93 21.1649 
602.93 21.1576 
602.93 21.1502 
602.93 21.1429 
602.93 21.1356 
602.93 21.1283 
602.93 8.933 
602.93 9.08294 
602.93 9.23287 
602.93 9.38281 
602.93 9.53275 
602.93 9.68269 
602.93 9.83263 
602.93 9.98256 
602.93 10.1325 
602.93 10.2824 
602.93 10.4324 
602.93 10.5823 
602.93 10.7323 
602.93 10.8822 
602.93 11.0321 
602.93 11.1821 
602.93 1.002 
602.93 0.973375 
602.93 0.94475 
602.93 0.916125 
602.93 0.8875 
602.93 0.858875 
602.93 0.83025 
602.93 0.801625 
602.93 0.773 
602.93 0.744375 
602.93 0.71575 
602.93 0.687125 
602.93 0.6585 
602.93 0.629875 
602.93 0.60125 
602.93 0.572625 
602.93 2.315 
602.93 2.4385 
602.93 2.562 
602.93 2.6855 
602.93 2.809 
602.93 2.9325 
602.93 3.056 
602.93 3.1795 
602.93 3.303 
602.93 3.4265 
602.93 3.55 
602.93 3.6735 
602.93 3.797 
602.93 3.9205 
602.93 4.044 
602.93 4.1675 
602.93 9.016 
602.93 8.98131 
602.93 8.94663 
602.93 8.91194 
602.93 8.87725 
602.93 8.84256 
602.93 8.80787 
602.93 8.77319 
602.93 8.7385 
602.93 8.70381 
602.93 8.66913 
602.93 8.63444 
602.93 8.59975 
602.93 8.56506 
602.93 8.53037 
602.93 8.49569 

