602.93 2.606 
602.93 2.69231 
602.93 2.77862 
602.93 2.86494 
602.93 2.95125 
602.93 3.03756 
602.93 3.12387 
602.93 3.21019 
602.93 3.2965 
602.93 3.38281 
602.93 3.46913 
602.93 3.55544 
602.93 3.64175 
602.93 3.72806 
602.93 3.81438 
602.93 3.90069 
602.93 3.987 
602.93 3.98906 
602.93 3.99113 
602.93 3.99319 
602.93 3.99525 
602.93 3.99731 
602.93 3.99937 
602.93 4.00144 
602.93 4.0035 
602.93 4.00556 
602.93 4.00762 
602.93 4.00969 
602.93 4.01175 
602.93 4.01381 
602.93 4.01587 
602.93 4.01794 
602.93 4.02 
602.93 4.02331 
602.93 4.02662 
602.93 4.02994 
602.93 4.03325 
602.93 4.03656 
602.93 4.03988 
602.93 4.04319 
602.93 4.0465 
602.93 4.04981 
602.93 4.05312 
602.93 4.05644 
602.93 4.05975 
602.93 4.06306 
602.93 4.06638 
602.93 4.06969 
602.93 4.073 
602.93 4.03544 
602.93 3.99788 
602.93 3.96031 
602.93 3.92275 
602.93 3.88519 
602.93 3.84763 
602.93 3.81006 
602.93 3.7725 
602.93 3.73494 
602.93 3.69738 
602.93 3.65981 
602.93 3.62225 
602.93 3.58469 
602.93 3.54713 
602.93 3.50956 
602.93 3.472 
602.93 3.60913 
602.93 3.74625 
602.93 3.88338 
602.93 4.0205 
602.93 4.15763 
602.93 4.29475 
602.93 4.43187 
602.93 4.569 
602.93 4.70613 
602.93 4.84325 
602.93 4.98038 
602.93 5.1175 
602.93 5.25463 
602.93 5.39175 
602.93 5.52888 
602.93 5.666 
602.93 5.53006 
602.93 5.39413 
602.93 5.25819 
602.93 5.12225 
602.93 4.98631 
602.93 4.85038 
602.93 4.71444 
602.93 4.5785 
602.93 4.44256 
602.93 4.30663 
602.93 4.17069 
602.93 4.03475 
602.93 3.89881 
602.93 3.76288 
602.93 3.62694 
602.93 3.491 
602.93 3.68256 
602.93 3.87413 
602.93 4.06569 
602.93 4.25725 
602.93 4.44881 
602.93 4.64038 
602.93 4.83194 
602.93 5.0235 
602.93 5.21506 
602.93 5.40663 
602.93 5.59819 
602.93 5.78975 
602.93 5.98131 
602.93 6.17287 
602.93 6.36444 
602.93 6.556 
602.93 6.50881 
602.93 6.46162 
602.93 6.41444 
602.93 6.36725 
602.93 6.32006 
602.93 6.27287 
602.93 6.22569 
602.93 6.1785 
602.93 6.13131 
602.93 6.08413 
602.93 6.03694 
602.93 5.98975 
602.93 5.94256 
602.93 5.89538 
602.93 5.84819 

