602.93 5.10261 
602.93 5.10182 
602.93 5.10104 
602.93 5.10025 
602.93 5.09946 
602.93 5.09868 
602.93 5.09789 
602.93 5.0971 
602.93 5.09632 
602.93 5.09553 
602.93 5.09474 
602.93 5.09395 
602.93 5.09317 
602.93 5.09238 
602.93 5.09159 
602.93 5.09081 
602.93 5.09002 
602.93 5.08923 
602.93 5.08845 
602.93 5.08766 
602.93 5.08687 
602.93 5.08609 
602.93 5.0853 
602.93 5.08451 
602.93 5.08373 
602.93 5.08294 
602.93 5.08215 
602.93 5.08136 
602.93 5.08058 
602.93 5.07979 
602.93 5.079 
602.93 5.07822 
602.93 5.07743 
602.93 5.07664 
602.93 5.07586 
602.93 5.07507 
602.93 5.07428 
602.93 5.0735 
602.93 5.07271 
602.93 5.07192 
602.93 5.07114 
602.93 5.07035 
602.93 5.06956 
602.93 5.06877 
602.93 5.06799 
602.93 5.0672 
602.93 5.06641 
602.93 5.06563 
602.93 5.06484 
602.93 5.06405 
602.93 5.06327 
602.93 5.06248 
602.93 5.06169 
602.93 5.06091 
602.93 5.06012 
602.93 5.05933 
602.93 5.05854 
602.93 5.05776 
602.93 5.05697 
602.93 5.05618 
602.93 5.0554 
602.93 5.05461 
602.93 5.05382 
602.93 5.05304 
602.93 5.05225 
602.93 5.05146 
602.93 5.05068 
602.93 5.04989 
602.93 5.0491 
602.93 5.04832 
602.93 5.04753 
602.93 5.04674 
602.93 5.04595 
602.93 5.04517 
602.93 5.04438 
602.93 5.04359 
602.93 5.04281 
602.93 5.04202 
602.93 5.04123 
602.93 5.04045 
602.93 5.03966 
602.93 5.03887 
602.93 5.03809 
602.93 5.0373 
602.93 5.03651 
602.93 5.03572 
602.93 5.03494 
602.93 5.03415 
602.93 5.03336 
602.93 5.03258 
602.93 5.03179 
602.93 5.031 
602.93 5.03022 
602.93 5.02943 
602.93 5.02864 
602.93 5.02786 
602.93 5.02707 
602.93 5.02628 
602.93 5.0255 
602.93 5.02471 
602.93 5.02392 
602.93 5.02313 
602.93 5.02235 
602.93 5.02156 
602.93 5.02077 
602.93 5.01999 
602.93 5.0192 
602.93 5.01841 
602.93 5.01763 
602.93 5.01684 
602.93 5.01605 
602.93 5.01527 
602.93 5.01448 
602.93 5.01369 
602.93 5.0129 
602.93 5.01212 
602.93 5.01133 
602.93 5.01054 
602.93 5.00976 
602.93 5.00897 
602.93 5.00818 
602.93 5.0074 
602.93 5.00661 
602.93 5.00582 
602.93 5.00504 
602.93 5.00425 
602.93 5.00346 
602.93 5.00268 

