602.93 3.399 
602.93 3.45019 
602.93 3.50137 
602.93 3.55256 
602.93 3.60375 
602.93 3.65494 
602.93 3.70613 
602.93 3.75731 
602.93 3.8085 
602.93 3.85969 
602.93 3.91087 
602.93 3.96206 
602.93 4.01325 
602.93 4.06444 
602.93 4.11563 
602.93 4.16681 
602.93 5.194 
602.93 5.26781 
602.93 5.34162 
602.93 5.41544 
602.93 5.48925 
602.93 5.56306 
602.93 5.63687 
602.93 5.71069 
602.93 5.7845 
602.93 5.85831 
602.93 5.93213 
602.93 6.00594 
602.93 6.07975 
602.93 6.15356 
602.93 6.22738 
602.93 6.30119 
602.93 2.381 
602.93 2.38 
602.93 2.379 
602.93 2.378 
602.93 2.377 
602.93 2.376 
602.93 2.375 
602.93 2.374 
602.93 2.373 
602.93 2.372 
602.93 2.371 
602.93 2.37 
602.93 2.369 
602.93 2.368 
602.93 2.367 
602.93 2.366 
602.93 19.021 
602.93 18.9565 
602.93 18.892 
602.93 18.8275 
602.93 18.763 
602.93 18.6985 
602.93 18.634 
602.93 18.5695 
602.93 18.505 
602.93 18.4405 
602.93 18.376 
602.93 18.3115 
602.93 18.247 
602.93 18.1825 
602.93 18.118 
602.93 18.0535 
602.93 8.294 
602.93 8.56088 
602.93 8.82775 
602.93 9.09463 
602.93 9.3615 
602.93 9.62838 
602.93 9.89525 
602.93 10.1621 
602.93 10.429 
602.93 10.6959 
602.93 10.9627 
602.93 11.2296 
602.93 11.4965 
602.93 11.7634 
602.93 12.0303 
602.93 12.2971 
602.93 1.287 
602.93 1.16463 
602.93 1.04225 
602.93 0.919875 
602.93 0.7975 
602.93 0.675125 
602.93 0.55275 
602.93 0.430375 
602.93 0.308 
602.93 0.185625 
602.93 0.06325 
602.93 -0.059125 
602.93 -0.1815 
602.93 -0.303875 
602.93 -0.42625 
602.93 -0.548625 
602.93 2.554 
602.93 2.67988 
602.93 2.80575 
602.93 2.93162 
602.93 3.0575 
602.93 3.18337 
602.93 3.30925 
602.93 3.43513 
602.93 3.561 
602.93 3.68687 
602.93 3.81275 
602.93 3.93863 
602.93 4.0645 
602.93 4.19037 
602.93 4.31625 
602.93 4.44212 
602.93 13.088 
602.93 13.1122 
602.93 13.1365 
602.93 13.1607 
602.93 13.185 
602.93 13.2092 
602.93 13.2335 
602.93 13.2577 
602.93 13.282 
602.93 13.3062 
602.93 13.3305 
602.93 13.3547 
602.93 13.379 
602.93 13.4032 
602.93 13.4275 
602.93 13.4517 

