602.93 5.621 
602.93 5.61638 
602.93 5.61175 
602.93 5.60713 
602.93 5.6025 
602.93 5.59788 
602.93 5.59325 
602.93 5.58863 
602.93 5.584 
602.93 5.57938 
602.93 5.57475 
602.93 5.57012 
602.93 5.5655 
602.93 5.56088 
602.93 5.55625 
602.93 5.55163 
602.93 5.472 
602.93 5.57988 
602.93 5.68775 
602.93 5.79563 
602.93 5.9035 
602.93 6.01138 
602.93 6.11925 
602.93 6.22713 
602.93 6.335 
602.93 6.44288 
602.93 6.55075 
602.93 6.65863 
602.93 6.7665 
602.93 6.87438 
602.93 6.98225 
602.93 7.09013 
602.93 3.916 
602.93 3.89613 
602.93 3.87625 
602.93 3.85637 
602.93 3.8365 
602.93 3.81662 
602.93 3.79675 
602.93 3.77687 
602.93 3.757 
602.93 3.73712 
602.93 3.71725 
602.93 3.69738 
602.93 3.6775 
602.93 3.65762 
602.93 3.63775 
602.93 3.61787 
602.93 17.818 
602.93 17.7493 
602.93 17.6806 
602.93 17.6119 
602.93 17.5433 
602.93 17.4746 
602.93 17.4059 
602.93 17.3372 
602.93 17.2685 
602.93 17.1998 
602.93 17.1311 
602.93 17.0624 
602.93 16.9938 
602.93 16.9251 
602.93 16.8564 
602.93 16.7877 
602.93 8.561 
602.93 8.74669 
602.93 8.93238 
602.93 9.11806 
602.93 9.30375 
602.93 9.48944 
602.93 9.67512 
602.93 9.86081 
602.93 10.0465 
602.93 10.2322 
602.93 10.4179 
602.93 10.6036 
602.93 10.7892 
602.93 10.9749 
602.93 11.1606 
602.93 11.3463 
602.93 1.96 
602.93 1.8785 
602.93 1.797 
602.93 1.7155 
602.93 1.634 
602.93 1.5525 
602.93 1.471 
602.93 1.3895 
602.93 1.308 
602.93 1.2265 
602.93 1.145 
602.93 1.0635 
602.93 0.982 
602.93 0.9005 
602.93 0.819 
602.93 0.7375 
602.93 2.52 
602.93 2.78806 
602.93 3.05612 
602.93 3.32419 
602.93 3.59225 
602.93 3.86031 
602.93 4.12838 
602.93 4.39644 
602.93 4.6645 
602.93 4.93256 
602.93 5.20063 
602.93 5.46869 
602.93 5.73675 
602.93 6.00481 
602.93 6.27287 
602.93 6.54094 
602.93 15.989 
602.93 15.8644 
602.93 15.7399 
602.93 15.6153 
602.93 15.4908 
602.93 15.3662 
602.93 15.2416 
602.93 15.1171 
602.93 14.9925 
602.93 14.8679 
602.93 14.7434 
602.93 14.6188 
602.93 14.4943 
602.93 14.3697 
602.93 14.2451 
602.93 14.1206 

